27.9426 -18.1619 -39.8505 0
26.6288 -11.5199 -59.7861 0
26.9801 45.0496 -27.6135 0
29.2945 -14.07 -59.8459 1
27.9794 -14.8943 51.1543 1
27.8839 -6.7433 -41.1765 0
27.0907 36.3013 -37.244 1
29.162 39.1836 -34.7138 0
29.7198 42.9074 -32.3559 1
29.4948 -34.1798 48.9437 0
29.4191 -23.7961 49.1368 0
27.558 -16.6522 -14.2605 0
27.5726 0.0644124 -52.3092 1
26.6548 -57.7902 -54.1283 0
27.8794 -1.60524 52.0379 0
27.0927 -27.9944 -20.9374 0
30.5024 47.2762 -27.441 1
28.8632 49.156 -41.2988 0
27.0152 -17.2974 37.3727 0
28.8544 59.4419 -15.0669 0
26.7569 -43.5877 -20.8055 0
31.6901 35.3145 -28.922 0
26.7006 30.5113 -45.9242 0
28.1112 29.4576 -50.2109 0
28.0295 -11.127 -23.5362 0
28.9929 -23.5785 -5.4859 1
27.1823 35.3467 -58.6953 0
27.1186 29.5948 55.876 0
29.2849 53.5935 -29.6269 1
28.235 24.6107 -29.0688 0
31.0198 -20.8278 -20.0594 0
28.4508 17.3751 -37.6398 0
29.4679 -47.8728 -59.2641 0
31.5927 -14.3922 -35.8561 0
32.3277 -37.4254 46.121 0
28.3447 -46.6985 -14.6686 1
28.256 -20.5738 11.4079 0
28.1848 -38.4901 3.67237 1
28.4832 -45.6933 -47.9228 0
30.0429 -37.8311 -56.6447 0
29.6955 -35.5784 -11.077 0
31.3539 -33.6457 -17.6341 1
28.2946 10.3441 1.09443 0
27.3795 -31.8558 -53.2962 1
28.1163 13.957 -10.9715 1
28.8484 51.1095 -57.9996 0
27.9482 -47.2168 38.3668 0
31.2967 -55.8699 59.068 0
29.8169 -27.6014 32.3253 0
32.557 42.0513 -51.406 0
27.1849 -52.2012 28.3875 0
27.7684 46.2046 49.4295 0
34.5453 -27.1166 49.776 0
28.232 39.9269 45.9225 0
28.4891 -35.6886 -41.9431 1
33.1732 44.8414 -59.3612 0
31.0068 50.2792 52.0181 0
28.2735 10.8294 -22.0405 0
27.8498 -59.1166 44.7099 1
29.4643 10.7579 -55.5461 0
27.9781 27.5794 45.2167 1
27.9116 17.2989 -18.1314 1
30.9928 32.6607 53.7359 1
33.0778 -22.0009 53.8595 1
36.9717 -37.0403 48.238 0
30.0402 6.19402 -1.29519 1
30.0948 -45.3526 -2.87046 0
31.0486 -2.44672 -14.222 0
32.9084 -3.87585 -3.70178 0
30.1546 56.3993 -38.9763 0
28.7361 52.2818 39.8609 0
34.0858 59.4568 56.1642 0
29.0091 -58.7686 1.94551 0
32.3291 -48.6306 41.1495 0
33.3291 -36.4393 -5.40333 0
30.5725 15.8889 -44.0758 0
30.4217 -57.4418 -43.5139 1
31.3645 17.8923 -57.7389 0
28.4002 53.3049 -13.4566 1
29.7451 4.86691 -40.9596 0
28.9993 9.60948 52.9714 0
30.5243 23.555 53.3821 1
33.8861 18.4477 -47.6092 0
31.9878 -27.806 -31.2577 0
31.9327 7.61211 56.9118 1
34.1289 28.4579 59.4948 0
27.651 -56.9846 12.5458 0
29.7019 -36.0539 24.753 0
35.2588 51.7748 -49.2706 0
32.7457 -50.3528 -46.3565 0
29.4978 -36.1974 18.0133 0
29.1041 -44.7865 18.2321 0
30.6312 -39.4153 -27.6297 0
35.559 -53.3166 -56.3865 1
33.3686 -34.7669 23.8221 0
30.9426 -5.08305 -41.6432 1
34.3064 -45.6082 -5.32907 0
29.6424 14.4319 -34.6988 1
32.8594 -42.904 -31.6238 0
32.0023 -58.1772 44.2703 0
31.7088 -34.9297 -39.3823 0
31.9182 -23.8884 -43.517 0
28.7889 20.4755 6.20353 0
28.6884 47.8798 7.93958 0
34.2789 57.3786 47.3509 1
28.3662 9.77588 18.5164 0
27.2469 -2.72014 21.3257 1
32.5719 -53.5151 -9.91456 1
34.5086 -27.9534 -13.9994 0
26.6415 25.3221 18.1036 0
29.5349 -58.9311 16.3602 1
29.1811 -55.9739 26.8177 0
30.4688 -59.0574 -28.2976 1
34.7316 -51.8042 41.7789 1
28.5999 22.6983 38.7164 0
30.5673 55.824 34.0814 0
29.4023 51.3139 26.4938 0
31.0128 -1.16639 -33.2613 0
32.9168 2.59394 -28.3626 0
32.7074 -58.5513 -34.7099 0
27.7636 38.202 28.4691 0
29.9082 15.9567 29.9925 1
32.5697 -0.13286 -57.9363 1
30.0679 24.6694 32.255 0
36.6981 -54.195 36.3871 0
30.7628 41.8463 10.8288 0
35.9313 -58.1365 29.9614 0
28.6251 47.5199 -8.99511 1
32.5624 -52.1939 13.6874 0
34.0293 55.9358 24.2459 0
36.4322 -24.9536 -21.8901 0
32.9376 53.4186 9.31967 0
35.4676 -4.84561 -38.7528 0
35.1936 -49.6593 -35.8289 0
29.3027 32.6524 12.0772 0
35.9718 59.2011 -41.7744 1
37.541 56.9778 -47.1787 1
35.3032 -45.4479 -42.8236 1
34.578 1.65459 -50.3073 0
32.8385 -6.14968 -25.3634 1
30.7165 28.1715 -17.6732 0
34.217 -43.2409 12.7126 0
35.5519 -43.5462 18.9755 1
28.554 35.1242 -10.1933 0
31.7541 -27.8691 9.54884 0
37.8433 -42.6549 12.1373 1
34.9843 -41.9285 5.23804 1
30.4171 32.1048 1.40258 0
35.9459 6.55977 -34.8494 0
35.6799 50.0493 -33.825 1
32.1463 30.8381 -11.0548 0
32.2233 9.33246 4.72308 0
33.24 40.6749 4.49792 0
36.5636 -46.1616 28.0305 1
31.8705 -15.539 -55.0987 0
30.1973 20.4232 -7.5474 1
33.4656 10.5311 -10.0644 0
32.7064 23.5763 3.50321 0
35.6125 -10.1998 -42.3217 1
35.5992 32.8784 5.2993 0
34.3191 -9.24417 -57.9785 1
36.9587 26.2607 0.47626 0
36.7579 -8.27884 -26.2501 0
32.8431 48.1002 -0.849684 1
35.5255 31.7538 -7.30695 1
32.3865 23.8233 22.2365 0
32.268 40.2704 31.3978 0
31.7404 36.2647 39.1836 1
34.6869 35.0668 51.9143 0
33.5338 29.6875 38.0288 1
35.8924 42.2731 -29.6485 1
34.9736 2.05124 -15.2484 0
37.198 13.2907 -9.84247 0
35.661 -0.243868 -21.9303 1
35.566 -30.6533 -36.317 1
33.9495 35.6998 21.7536 0
36.9141 51.1815 33.0322 0
36.8912 -10.7284 -49.1799 0
34.6976 -37.6395 -56.3249 0
34.5163 -27.9495 -50.006 0
36.8844 -37.9702 -53.5625 0
36.2556 14.5603 -59.2819 0
32.8465 52.5581 -15.4203 0
37.3727 -21.1195 -46.3894 0
35.6364 34.3306 -28.1739 1
38.0982 49.1337 58.9532 0
36.5197 22.5483 -48.5901 0
32.7108 -55.3248 -17.3543 1
37.843 11.5196 0.961542 0
36.8056 -35.0999 30.8776 0
37.2197 -39.6093 -38.8191 1
28.7548 5.08994 39.4913 0
37.7657 28.8394 15.5792 0
34.306 -49.4337 -17.2115 0
36.8255 -39.2566 -14.7588 0
32.6708 13.2948 18.6861 0
33.231 47.0344 -21.2434 0
35.4747 -57.1422 -24.9075 0
33.0469 -2.21541 5.0474 0
38.229 -46.5425 -5.32789 1
36.7729 43.8982 -52.3244 1
41.2378 27.3454 7.00333 0
35.4331 29.4734 -21.2522 0
30.8423 1.13331 16.8522 1
38.7012 -51.8463 -37.7509 0
34.7096 49.2283 20.7897 1
36.489 21.1107 -13.9792 0
38.3972 45.9844 48.1488 0
37.3691 22.0272 26.4369 0
37.399 26.5517 -20.2439 1
34.6573 3.27334 14.6269 0
38.003 35.0934 47.7264 0
36.2367 11.9529 -29.8924 0
36.0163 22.038 -34.6631 0
39.3521 -40.5438 -16.6667 0
37.6445 24.6541 -28.8768 0
38.5473 -38.6251 30.7211 1
37.9985 29.6469 -39.4457 0
39.825 23.0449 -45.344 0
38.2267 34.1638 26.1652 0
37.4268 56.3222 19.9066 0
34.6915 13.2145 33.0102 0
39.4954 -31.0428 -53.3948 0
28.4324 -4.5218 30.2135 0
33.0551 -20.6102 31.9607 0
33.6616 18.6966 48.432 0
36.0471 -23.6151 39.2808 0
36.1552 -54.5391 7.39502 0
35.4584 57.3691 -1.10003 0
40.7151 -38.1017 -24.1781 0
39.3881 -41.6209 -47.4444 0
32.6381 -0.176917 30.2048 0
36.4996 53.587 6.82976 1
36.8788 7.27359 31.7144 0
34.6783 11.5961 44.4585 0
37.5729 35.5912 40.0108 0
39.9738 42.4452 31.909 0
39.3796 -36.5033 -32.4761 1
39.8024 27.3211 37.7613 0
34.013 -0.299658 34.864 1
41.4104 35.0212 14.5499 0
36.5302 46.2043 -14.8164 0
39.6346 38.1028 -22.4007 1
36.3789 7.11243 50.7992 0
35.8238 -0.215609 44.6885 0
41.0537 24.587 -52.1382 0
40.3116 11.6552 30.4816 0
42.4 15.7588 35.7241 0
39.7099 44.4997 -11.7597 0
39.0578 37.3512 -4.34502 0
39.5874 5.6324 51.3913 1
41.3112 24.1668 -11.0869 0
39.5061 51.0308 4.27325 0
38.0411 12.9662 55.4338 1
42.944 43.7565 -8.89065 0
40.8401 19.2319 -18.103 0
39.7796 56.1706 -13.2896 0
36.3869 -4.32505 41.8932 0
37.3506 15.8287 19.5872 1
33.0371 -10.8999 45.4412 0
40.1377 -1.92995 46.4264 0
32.2642 -9.40878 16.7095 0
36.9656 -17.3362 -16.8209 0
34.8759 -7.76353 6.79139 0
42.8728 42.5452 1.0663 0
43.5255 11.643 41.47 1
37.9488 -1.1646 -57.5235 0
39.0729 -0.742564 5.59941 0
35.5626 -14.2746 45.4389 1
41.8089 8.90343 -2.50404 0
33.675 -20.8652 20.7593 0
39.2539 -22.0305 -34.7821 0
34.7177 -13.6575 27.9038 0
39.9466 10.5746 23.1294 1
37.2807 -17.9489 48.723 0
38.9634 1.91292 15.9945 0
37.8955 -56.7947 -4.66551 1
39.2651 -7.12525 18.1236 0
39.845 -10.9713 31.1896 0
43.5749 9.5388 21.7314 0
37.4411 -13.4222 3.47414 0
42.0649 38.3732 40.9342 0
40.8562 -52.9764 -11.3681 0
43.1097 39.2555 -17.8628 0
39.3948 -7.54975 25.0656 1
40.6261 -16.0312 40.8772 0
45.1666 29.3461 5.35163 0
38.7885 15.5848 12.2909 1
34.6918 -20.2951 -1.95578 0
45.3622 24.4628 -8.53888 0
36.0959 -29.3909 3.75257 0
43.0102 21.2954 14.6283 1
39.9452 -20.285 -28.8841 1
42.8667 40.7536 16.9077 0
38.7609 48.4336 -41.6047 0
40.5655 -29.4629 46.3126 0
42.8026 36.7852 35.4023 1
39.6204 -9.81276 -23.873 0
37.6861 -31.2461 15.6893 0
43.5922 24.4899 28.9088 0
44.2723 11.012 14.2464 1
42.7695 -20.5144 -35.8276 1
44.4931 55.3261 -6.62152 0
40.1118 -7.92025 -38.3565 1
39.5334 -22.0268 22.8689 0
41.6666 -51.0993 -17.4377 1
40.1263 -15.7571 -51.6569 0
42.6731 -32.2115 -40.5909 0
38.3447 -15.6327 58.3296 1
42.0989 -2.89832 1.25491 0
43.2982 -55.7396 -0.845308 0
40.2996 -8.40343 -52.9554 1
40.3488 35.0465 -59.9172 0
41.8881 -9.21613 57.5319 0
42.2581 -1.03081 -55.8041 0
41.7701 55.3338 12.6777 0
44.6256 46.1808 9.92952 0
41.8148 33.8379 -41.0156 0
43.5815 21.4984 45.3111 0
39.6766 43.9674 -30.7457 0
43.3241 49.0246 -21.5236 0
42.1827 25.7666 -59.0081 0
40.9408 56.1472 -33.7147 0
42.3688 46.4444 -41.9705 0
39.8235 -41.5176 46.8321 0
44.9737 21.8883 -54.0214 0
45.5859 43.7013 -21.9855 1
47.9034 40.4931 4.30898 0
45.3196 50.6509 -26.9556 0
40.9825 -2.4224 -16.3983 0
41.7069 -55.8693 -31.7153 0
43.3038 3.78413 -2.66303 1
45.4982 -3.69237 0.122658 1
41.1262 9.19535 -17.7861 0
42.4102 45.2764 -51.7614 0
47.5124 21.9206 15.3198 0
44.9057 16.1104 -16.0726 1
50.3323 28.0293 8.3701 0
41.6175 51.8274 55.8541 0
45.3503 58.2414 -32.2033 1
36.7761 -49.8552 56.4848 1
39.4083 -52.1109 49.7834 0
39.4591 -20.537 -2.93792 0
42.4391 -11.3871 -4.88797 0
46.8498 21.1503 6.84383 1
40.2323 -29.5663 4.78071 1
41.8879 -22.5793 -14.8895 0
40.8105 -31.7403 -5.0071 0
44.5019 43.9158 46.6405 0
43.9508 -29.7865 -20.4811 0
46.0379 41.0938 -35.6635 0
44.493 -21.7297 -8.09314 1
46.2638 11.3102 -3.43275 0
46.0105 -34.3453 -14.4736 0
45.8326 -34.2127 -25.5161 0
45.9282 32.4658 48.6074 0
42.2236 7.01381 59.2956 1
44.9813 -45.2476 -22.7808 0
40.2151 -37.7939 6.85191 1
43.7264 36.6328 59.0666 1
44.6516 -10.9264 -20.1697 0
45.2176 37.5092 31.1058 0
43.9195 -26.8683 -51.713 0
44.387 -49.8199 -34.8086 0
49.7293 23.2173 20.6457 0
46.0901 42.0217 55.6754 1
42.8612 8.7444 -45.2345 0
44.9679 -30.7301 -4.74599 0
48.9344 20.69 25.1806 1
46.6485 32.3589 -37.5615 0
41.0396 -45.5287 7.77353 1
46.5581 -55.8906 -21.6803 0
44.8409 9.38343 -58.9654 0
46.6587 -22.3209 -2.82664 0
48.1678 59.8747 -13.0275 0
43.5325 23.7197 -31.4679 0
46.1681 -53.2861 -8.18207 1
47.0408 -21.1445 -21.5528 0
47.2761 -14.6928 -19.5441 1
46.9125 -43.5089 -35.651 0
42.1619 5.32687 -31.8213 0
45.4703 16.5211 -23.007 0
48.9172 10.5025 19.8619 0
46.4166 23.4779 -22.1205 1
45.8549 7.40138 -45.0333 0
44.7693 -20.5253 -58.1166 0
41.3665 -49.9321 57.4393 0
41.7492 -24.0841 54.6274 1
43.5251 -17.8128 50.907 1
47.9854 31.4843 -19.8848 0
47.6985 15.686 57.237 0
44.6592 -0.547583 -21.9411 0
41.669 -56.9304 -54.0975 0
45.9892 7.32561 -23.3479 0
44.8191 -45.78 -46.0833 0
42.9648 -52.5551 46.1082 0
47.6411 12.503 -33.9314 0
44.0481 -59.5441 -43.7707 1
47.9802 -36.8447 -31.8679 1
47.9971 23.9627 -35.7849 0
50.7559 25.5921 1.34666 0
47.7732 4.97634 15.5798 1
49.1494 4.37373 -23.9155 0
49.5798 37.0446 -11.9128 0
48.5986 21.5378 -55.258 0
46.2291 49.2297 -52.0095 0
50.1015 -49.9929 -23.2712 1
47.9407 37.4167 -48.469 0
50.2905 -47.6838 -36.8514 1
47.2001 -7.56249 -6.33899 0
46.2066 40.8215 25.5103 0
51.4508 32.9678 18.9369 0
49.9626 48.4794 -7.02529 0
44.2721 -51.193 -50.772 1
51.0482 28.1676 -18.9935 1
49.1486 50.0709 -35.019 0
48.4601 -57.773 -1.74147 0
49.4099 59.5883 -33.3051 0
44.6539 -55.0666 8.0143 0
51.4785 54.3728 -17.5515 0
52.2807 45.3051 -8.38056 0
44.8561 -1.56681 48.8707 0
49.5263 49.6723 6.05934 0
51.9349 39.2671 -25.0334 1
52.7912 36.6045 -17.278 1
42.4937 -52.5564 13.2841 1
42.4495 -42.3069 1.8686 1
43.9291 52.9385 38.0929 0
47.8445 -41.7667 -6.8416 0
48.6807 -37.3796 -3.41956 1
54.0755 56.2924 -20.6752 0
42.4712 -31.6047 11.4371 1
42.0493 -18.2753 10.5193 0
45.6539 53.0137 49.2437 0
46.5068 -10.5985 56.8253 0
47.4143 -19.312 -52.0723 0
42.3629 -55.2231 19.4677 0
44.0107 59.787 -54.7122 1
45.5996 -11.4985 11.7881 0
43.7938 -11.7063 21.7078 1
46.4064 -25.7839 -46.4454 0
43.3123 1.11298 33.1857 0
48.0791 -5.10975 47.4433 0
48.5278 1.38455 52.1973 0
48.3726 16.1152 35.3527 0
41.5714 -43.9541 27.7536 0
42.4663 59.6568 30.6383 0
45.6709 -56.6636 26.8134 1
51.5958 18.0062 -20.6846 0
49.6576 -58.9378 7.66207 0
46.1753 -17.0824 14.1786 1
47.8347 -30.5903 -37.8672 0
52.124 -52.685 -2.53252 0
43.9438 -31.327 42.4944 0
48.7428 14.6206 45.0284 0
50.2794 -47.2915 -8.35748 1
50.1764 43.7596 21.9854 0
51.1279 33.1475 -42.6792 0
51.6382 -49.9768 -14.4024 1
54.7537 46.0513 -28.4559 0
52.7218 6.42032 51.3141 0
53.2048 10.6166 44.1967 0
50.114 -31.3967 -5.13005 0
51.1083 -32.1835 -25.2165 0
43.5944 -48.5672 33.7052 0
53.1735 45.9678 -39.3832 0
47.7244 -48.8621 11.1975 0
54.4499 34.3833 15.3561 0
47.0562 54.669 28.2297 0
45.81 -53.644 34.2091 1
51.8987 52.9357 11.575 0
52.4495 15.0362 -33.1443 0
55.8542 49.4448 -1.1139 0
54.0077 23.9884 -30.0526 0
45.8218 -55.9831 40.8575 1
49.3177 36.7438 56.8554 0
44.2648 -15.0954 -41.088 1
52.5854 23.162 -42.3378 0
44.1759 -12.0904 -34.808 1
55.1982 -48.7156 -12.5572 0
54.1573 -58.5807 10.4815 0
51.0172 -19.7238 -25.9614 0
55.7869 34.9198 6.80227 0
43.3084 -13.0452 30.9953 1
50.0633 29.7805 43.4386 0
46.1975 -9.06582 37.4893 0
41.6966 -32.8194 29.5744 1
49.0382 -9.7409 -28.3635 0
47.1151 -1.81755 -47.1994 0
50.6176 6.24436 -43.162 1
44.9714 -37.5777 58.5468 0
46.8669 -47.6163 -53.2082 0
50.6511 36.8791 36.3861 1
56.3626 -48.5262 -4.77672 0
57.2323 56.1085 -2.26025 1
56.1028 43.5871 9.39775 0
43.5408 -18.0278 26.3421 1
55.1067 -43.2589 -3.93548 1
50.4953 -1.73126 -44.3386 1
45.761 -0.0139386 28.1322 1
45.6051 -21.0518 25.7016 0
54.0473 47.4868 21.5445 0
52.1617 11.2175 -59.0277 0
43.1054 -33.4673 19.3701 0
51.8657 -27.6871 -34.8474 0
49.4281 -10.4975 36.8177 0
48.6396 -18.6723 42.7197 0
50.8448 51.024 -48.0584 0
52.4591 59.4586 -35.4339 1
49.2477 -0.7657 24.9983 0
52.1008 52.7654 28.1631 0
46.6799 10.9475 4.69604 1
48.2493 -3.41208 12.0955 0
50.2733 50.9683 39.8576 0
51.4071 -3.99498 24.5903 0
52.5815 0.722193 33.3677 0
50.837 -12.4086 14.6941 1
55.749 -54.1522 -22.8223 0
54.6046 5.25464 38.0705 0
50.1564 -56.6316 -41.7777 1
52.3763 23.2511 37.2586 0
55.6725 11.829 32.7213 0
50.0667 51.2211 46.5 1
54.0783 34.9503 29.2097 0
55.293 16.0617 18.6448 0
49.8494 -14.8027 -49.2828 0
51.4278 -30.8473 -48.407 0
47.896 -24.7151 26.1119 0
59.627 46.2276 20.0274 0
52.2306 -14.2687 32.2776 0
54.0521 -41.6743 -22.283 0
54.3391 -47.1068 -33.4782 0
50.6935 -31.9566 -55.5304 1
46.8211 -8.84818 -38.4615 1
57.1282 -38.9481 -16.773 0
55.1254 -43.0817 -37.4079 0
49.4087 -6.42342 -32.3444 1
54.7201 -17.1652 -27.2802 0
53.7715 -59.1163 20.5874 0
51.894 -8.364 58.2039 0
54.7656 -3.16686 56.7899 0
47.8161 -49.6003 17.898 1
53.4901 -3.53727 16.7227 0
53.3409 -21.6405 -40.1243 0
53.5023 -12.526 -52.0798 0
54.9399 -31.9493 -49.1526 1
52.5608 -48.7346 12.6456 0
47.4028 -36.0684 11.6996 0
58.3968 -57.9373 -25.0418 0
51.1353 -36.6112 4.3564 0
47.9722 -55.7683 52.7318 0
51.7926 -39.1642 11.8926 0
52.7398 -44.9078 18.2693 0
55.2929 -14.0301 -40.6424 0
48.4423 -32.9941 27.0125 0
57.3064 -35.8083 -31.2967 0
50.8423 -1.70801 -37.3461 1
50.3444 51.5674 59.1148 0
51.1519 -49.5103 -49.9552 0
56.7496 -9.42831 40.3506 0
55.8285 -41.522 -43.0246 0
50.3924 -27.7454 19.2115 0
50.0888 -20.73 2.45651 0
50.0982 -3.92884 0.977528 0
52.127 -20.1008 -8.21373 0
53.4503 -41.8865 -54.3304 0
55.8557 -14.5164 28.6706 0
53.1945 -30.8322 14.2453 0
53.8727 -16.6233 4.50996 0
55.9007 -29.6459 -8.36866 0
59.3548 -32.8552 -18.7638 0
55.5988 -17.1354 20.7691 0
55.5686 10.8384 58.8057 1
54.3792 14.9864 -54.4103 0
55.9262 -25.9246 4.36954 0
55.3095 -31.6449 7.59192 1
50.1649 -57.7569 -58.2978 0
56.1601 -1.85995 -51.6834 0
53.0565 55.1323 -55.613 0
57.9671 -17.2647 -28.1509 0
52.4347 31.0411 57.988 0
56.1871 1.04992 -47.3139 1
50.8893 -1.11577 -10.376 0
51.4246 9.552 -1.89747 0
54.0811 -53.5618 -58.439 0
56.3346 9.68509 51.5937 1
51.2779 8.24097 9.02191 1
53.6767 35.5003 51.1967 0
55.6555 45.7567 -53.0144 0
53.8365 -19.9745 -55.2336 1
52.2205 17.6712 -6.11015 0
60.6446 -53.7187 -18.0551 0
56.3154 17.4902 -42.3059 0
55.3383 26.7069 -52.1343 0
56.6863 56.7258 -36.0374 0
58.4436 49.5323 -12.7569 0
57.9317 -57.1259 -40.6545 0
61.6295 -46.5409 -32.1527 0
58.2634 14.6786 -54.2643 0
53.0912 40.4082 51.3758 1
52.5748 -56.9287 51.1036 0
54.717 -8.19975 -3.58167 0
50.4882 -44.5925 54.2509 0
56.8809 38.4303 -15.2753 0
55.1976 46.4269 40.8313 0
57.4381 56.9727 -49.9182 1
60.5708 56.9148 -39.4298 0
49.0981 -31.2795 55.2553 0
55.6726 -15.6097 59.2709 0
58.7184 25.1982 20.0044 0
54.8191 -38.8191 -56.8769 1
50.335 -24.73 42.9907 0
60.0453 -32.3691 -4.52871 0
56.2182 32.9777 -24.9443 0
48.6911 -31.376 45.9959 1
58.4058 21.741 -31.5532 0
56.1682 -52.3247 54.7554 0
57.7923 -13.1647 5.39493 0
56.8917 -3.1937 10.8391 0
58.3233 -50.6232 13.3816 0
57.2489 56.5031 -57.5384 1
59.1299 -13.9141 -48.294 0
60.6378 -7.91604 -52.2088 1
59.5699 -57.3225 17.2494 0
51.5821 23.9472 -7.99746 1
60.6831 -44.7353 -44.4544 0
60.2297 -26.5196 -40.8823 0
60.4789 44.1932 -24.4171 0
58.9319 45.2122 -35.8523 0
57.9087 -15.8073 42.086 0
57.233 -24.3543 17.4951 0
60.0755 34.5693 -30.3512 0
54.5354 -27.2776 56.6898 0
56.6712 -26.1333 -55.337 1
60.753 -48.9429 -5.02878 0
60.4668 55.5239 7.24335 0
64.3496 -56.284 -20.3724 0
60.7077 -33.6191 -29.7626 1
63.9038 52.8913 -23.0991 0
59.1921 -9.39751 55.9117 0
60.8341 -20.9445 18.9747 0
59.8675 -24.3816 -16.3679 0
63.236 -37.9924 -25.0432 1
61.1626 -25.334 1.45916 0
61.8493 58.5888 -4.36088 0
58.4903 2.63753 55.7672 1
58.6403 -20.3304 46.8124 0
51.596 -38.9061 49.1125 0
56.9809 3.56515 21.7154 0
56.1741 14.4409 11.4207 0
60.4972 -37.2052 9.56698 0
61.6382 47.1902 -10.456 1
58.9922 19.6154 26.4737 0
61.1741 -9.42231 32.9891 0
54.6322 56.5221 38.7995 0
58.4524 52.7651 34.8863 0
58.2906 -28.0367 56.7659 1
62.6929 -22.0794 -16.8748 0
59.3594 39.5893 27.6837 0
51.6218 -37.3745 28.4362 0
52.329 -32.5477 35.3746 0
60.016 7.73809 23.0334 0
51.9159 -50.1507 29.8119 0
59.009 32.2663 -40.6771 0
49.5823 -49.9114 37.6241 0
58.0611 -41.1391 17.8851 1
64.1283 -45.9656 -7.55649 0
50.5731 -38.1768 43.0609 1
56.2967 -24.9021 35.8733 1
54.1552 -51.7129 39.2546 0
59.6275 46.0326 -49.6378 0
57.0718 26.6292 37.3632 0
62.531 30.3674 22.3792 0
63.8158 -36.1126 -1.35072 0
64.2819 -59.4125 6.07698 0
66.2342 57.8277 -4.01787 0
56.2299 -34.839 37.5778 0
59.4703 -47.1074 57.8352 0
61.5127 -50.5763 17.2679 0
58.5048 -36.11 -58.9226 0
57.2014 -37.4964 49.8397 0
55.9715 34.4265 34.4873 1
58.3221 -42.3169 41.1313 0
61.2816 -21.3109 31.5842 0
60.8698 -32.0045 27.2645 0
66.1455 -47.2277 -22.1305 0
56.7567 -43.6514 27.2137 1
65.2352 -40.6681 9.37739 0
62.4676 -32.7111 -52.6098 0
64.9634 -46.14 17.8969 0
62.4894 -45.7222 27.1127 0
59.9955 10.5554 11.7318 0
59.8335 -53.0846 36.7119 0
64.0659 -43.0461 -57.2146 0
60.5677 23.3323 10.7422 0
61.8426 -45.2837 45.2785 0
67.2912 -40.049 1.39924 0
61.5186 -36.0613 27.1891 1
59.1543 41.8459 0.934765 0
61.519 56.8208 34.2981 0
65.3528 -45.3799 29.6278 0
64.6665 -55.8723 37.9128 0
59.5803 30.9283 2.64766 0
59.4143 20.4187 5.61085 1
59.3564 27.5841 -53.2663 0
66.3034 -58.1935 19.2378 0
67.9744 -45.13 -4.61691 1
65.3283 -24.2527 -5.22371 0
60.1806 18.3158 59.7183 0
62.9844 43.278 1.88702 0
56.6908 16.0824 -3.7886 0
62.5239 28.1541 -44.4074 0
58.9866 32.7755 -12.2593 0
63.0267 44.3614 -40.0039 0
62.7489 37.1794 -5.03094 0
64.6308 50.3469 17.2478 0
65.2283 47.5162 5.30553 1
65.4714 41.7289 18.1362 0
59.3975 42.5987 -57.9291 0
64.1923 41.4922 -45.732 1
61.5016 -21.8963 -56.97 1
56.9974 6.51986 -39.2195 0
58.8702 7.55679 0.567459 0
61.0729 -1.24129 7.82546 0
67.6177 -54.8742 -22.6321 1
61.7133 15.0609 -44.5315 0
63.4561 27.8963 -52.2598 1
53.607 3.33066 -28.2575 0
61.9565 -39.444 47.1124 1
62.9861 36.3676 27.961 1
66.5769 33.3501 20.8562 1
65.5001 54.0164 -37.3942 0
59.4831 52.8453 55.4761 0
66.2821 59.8112 31.3243 0
62.5988 -55.0006 57.1032 0
61.9122 41.7706 -59.4902 0
63.6657 -57.0118 -52.6245 0
65.4924 -47.9044 -46.0324 0
65.5943 -42.1217 51.9317 0
67.0037 -48.7447 -33.5771 0
62.8682 -57.6244 46.2473 0
68.0515 -44.7085 42.9559 0
53.7517 -1.31623 -18.4557 0
58.9025 3.45272 -34.2521 0
56.6363 16.6359 -19.9052 0
56.7599 -4.4047 -10.3315 0
57.4438 13.8832 -11.4965 0
62.9792 29.7338 -9.26623 0
61.5645 29.0315 -17.0036 1
57.773 4.88681 -25.5239 1
55.6057 -12.677 -15.2749 1
64.7551 24.5691 -34.506 0
68.4367 -57.5719 -29.0186 0
61.8041 23.2375 56.7845 0
61.3914 -23.4034 52.4229 1
58.5879 26.716 48.7573 0
66.8283 43.3362 -27.4045 0
65.7741 31.9648 -28.0744 0
66.8226 46.254 -44.6325 0
59.4986 17.9383 42.7164 0
69.1259 33.6686 -30.598 0
63.1661 20.0669 -17.7599 0
62.8063 17.286 -28.6186 0
62.1419 28.5553 37.0711 0
60.9216 3.46976 43.1538 0
63.5071 52.0877 53.7178 0
64.0702 54.66 45.9994 1
64.9356 13.705 -29.7135 0
62.6728 -3.81736 27.6474 0
70.0107 -57.7887 14.752 0
64.4018 -1.49754 18.1042 0
61.9472 1.9149 -33.5239 0
59.0378 -5.9914 -16.8068 0
61.293 -1.74191 -12.5681 0
60.2223 -11.1465 -32.222 0
57.3476 -6.68204 -27.0379 1
63.8685 3.99772 29.4587 1
62.6202 -7.33978 49.275 0
66.4252 2.94091 22.3799 1
70.2567 32.598 -23.5855 0
64.9713 -19.1221 -17.9012 0
65.4948 -53.8944 52.4322 1
62.7964 2.16663 1.02419 0
62.7614 2.32716 -12.3003 0
64.9048 -6.96661 -7.02145 0
63.3416 10.0917 -15.2647 0
64.9874 -9.44462 30.8754 1
69.4884 40.1958 19.6784 1
63.0311 -25.3691 -28.0086 1
63.0504 18.4186 28.6719 1
64.3292 11.7042 31.8423 0
62.9734 -14.0018 2.42996 0
64.9478 -18.257 49.932 0
64.0986 20.4421 -6.80309 0
64.4251 21.5216 5.65389 0
67.3568 6.42635 4.87237 0
67.9039 8.18767 18.4468 0
66.2706 13.6005 -11.9443 1
63.5987 23.7116 47.4138 0
65.0031 -27.9139 53.686 0
67.4361 55.0232 -46.6596 0
66.4879 28.6305 10.7288 0
67.4029 47.8921 -10.6747 0
67.7915 17.7631 -6.49761 1
66.3357 -9.59678 17.3041 0
68.6077 28.9563 2.11547 0
70.0874 32.6622 -9.88655 0
67.2461 -15.9366 -0.794539 0
71.4849 -47.8372 -28.5339 0
67.4345 -10.2982 10.6464 0
68.7804 -6.3224 -3.14534 0
68.7442 54.2889 -20.4147 0
68.9926 -26.1841 0.15549 0
67.0603 3.05141 -12.9977 1
70.4918 6.08829 5.03129 0
68.6653 -48.5027 -42.886 0
70.2126 17.2736 7.31139 0
69.7156 47.8671 -1.6069 0
68.2485 24.3466 -4.04222 1
71.3501 40.9184 -17.5783 0
67.3822 51.163 32.0111 0
70.6918 -40.5187 0.698602 0
69.5209 -32.0242 7.51056 0
71.6397 24.891 -10.9773 1
67.7764 -32.2043 -15.773 0
63.3151 -26.7057 -33.3149 0
70.642 14.3263 17.5187 0
66.2772 -36.8219 -42.8594 0
63.6631 -30.7412 -44.9383 1
69.5972 -59.3042 -11.1634 0
70.241 -48.3177 -10.8803 0
73.4089 22.4434 2.74226 0
69.7826 -19.0825 -8.81626 0
74.4864 33.8778 -13.6255 0
67.9874 -30.5234 14.6973 0
71.1731 23.0301 13.7997 1
61.1878 39.8329 33.6383 1
69.7317 -23.3495 -20.3288 0
66.2143 -26.2377 -59.5231 1
72.79 42.233 -32.2803 0
58.8757 42.6 38.5936 1
66.442 -22.0609 23.2354 0
69.4378 21.762 -18.5229 1
68.7408 29.2443 25.2168 0
70.1144 -28.4531 19.1192 0
71.3124 -34.7134 -14.72 1
72.6822 -50.6464 -14.8711 1
72.452 -9.94439 -3.18066 0
72.9235 -4.73274 7.9945 0
62.3835 35.9105 40.6541 0
73.3013 56.6866 -15.9761 0
71.6586 -1.5648 20.6557 0
75.3294 -5.49163 -3.7191 0
75.0679 -12.6791 -2.13975 1
69.093 7.28788 -13.1043 0
74.1647 8.26759 7.09298 1
67.3893 5.30304 -24.6399 0
70.4137 42.737 4.65272 0
72.7829 19.6572 -9.53931 0
69.6559 -43.0715 27.8453 0
68.4611 -9.70643 -17.2251 1
73.5793 15.4062 -3.25838 1
74.432 17.3407 -14.1417 0
71.0715 -47.8833 -51.8158 0
66.5569 28.4257 -52.6783 0
69.5639 -41.7112 -54.3979 1
65.0635 33.9472 -59.7759 0
65.2605 17.304 52.0764 0
67.9842 41.4071 -51.4527 1
65.6875 39.847 54.8372 0
70.4802 15.7437 26.3685 0
66.974 12.2588 35.7345 0
75.6366 21.7569 12.8132 0
72.2036 -41.6247 16.9134 0
70.7001 37.7073 -51.8917 0
66.2037 46.9184 49.0555 0
68.9931 57.301 -58.0244 0
70.1664 -53.9161 52.3932 0
66.6144 35.4967 42.99 0
69.4721 -40.7608 49.3257 1
68.9465 40.7105 37.8317 0
70.5776 36.4586 54.1281 0
67.9355 16.2885 41.2591 0
65.435 -26.6233 -51.5785 1
70.532 25.2955 47.7405 0
64.115 10.6975 57.157 1
64.0242 7.72658 -44.1544 0
63.2637 5.79494 53.4529 1
69.8386 49.0413 50.0978 1
71.3992 51.6813 43.1012 0
71.18 41.0034 10.7766 1
72.3985 31.321 19.4825 0
72.1604 22.6372 27.9557 1
76.0798 -31.2355 11.59 1
75.156 43.2839 -17.977 0
77.6098 30.6357 -12.8312 1
71.9248 19.3454 36.976 0
70.8599 51.0448 20.1424 0
74.4176 39.697 2.73502 0
73.14 40.4499 21.3833 0
72.1972 35.8282 31.4569 0
70.0864 54.1835 14.6623 1
69.8507 42.8378 34.215 1
72.0899 56.8994 31.9993 0
73.6917 -55.151 43.6867 0
74.9653 45.9962 33.8493 0
77.0368 27.9849 10.9226 1
71.0813 54.9356 -47.0372 0
73.1894 -48.2419 -40.3147 0
69.2522 -10.3124 27.7617 0
68.8681 -33.5688 -34.7177 0
72.6237 51.6547 -55.0514 0
62.3016 -0.61583 -51.4597 0
73.684 58.2604 50.8311 0
76.4139 23.9442 -18.59 0
73.6956 56.0038 -31.767 0
65.9612 9.39477 -48.3121 0
70.1176 8.87818 46.0074 0
65.8743 -0.125529 -56.7223 0
74.2392 48.6436 -36.2871 0
69.6939 25.0305 -45.1296 0
70.9381 1.24276 32.4357 0
69.6775 -39.9912 -22.9746 1
75.8949 28.4826 29.2561 1
67.7447 12.2723 -57.1179 1
73.4839 1.58882 -8.5795 0
65.4548 -1.26748 -36.0897 0
64.6764 -11.2297 -29.8766 0
72.2827 -8.63345 -18.4646 0
74.82 41.1756 -43.8007 0
65.562 -11.0394 -38.4254 0
74.8488 34.2055 -49.8108 0
74.4794 8.18564 37.0371 0
69.3408 0.474793 45.5366 0
77.0149 26.1341 -0.493921 1
72.1683 -35.9443 -34.6291 1
77.9312 9.15305 33.9509 0
69.3294 11.7961 53.141 1
70.3496 -4.7364 41.8536 0
74.3749 -30.0769 -9.41313 0
68.1477 3.80265 -31.1114 1
74.2613 -40.7081 1.17391 1
76.0804 4.26761 -12.5505 0
77.6713 32.6091 12.7568 0
76.6679 7.04052 -6.61449 1
76.0039 59.2335 30.4824 0
76.9847 43.1507 4.36118 1
70.8878 -5.37349 -32.8045 0
73.7223 23.7354 52.0019 0
64.8004 -28.854 39.1493 0
65.7186 -24.3501 42.7826 1
75.1957 58.7699 17.946 0
76.6072 45.0266 16.4727 1
72.0638 -59.1068 2.78449 0
79.7872 32.8963 -5.20807 0
68.8614 -36.0897 32.7953 0
80.401 37.9796 -9.40325 0
74.3461 -54.8347 7.18379 0
70.0703 -39.5504 41.0276 1
75.0042 -55.5307 -4.34639 0
76.4982 -58.9995 -20.7616 0
80.7916 23.0484 -2.39394 0
74.4523 46.9618 55.7236 0
77.6267 58.7858 7.072 0
71.3421 11.6204 -56.9283 0
79.8624 41.5734 -7.76565 1
71.8284 13.4255 -45.71 0
67.6524 -24.7164 -33.4606 1
69.3049 -18.0852 -34.5111 0
73.5197 28.9212 -55.1997 1
75.5603 33.6841 44.7312 0
74.537 38.2718 48.6534 1
71.57 4.32754 52.589 0
73.6438 -22.342 -21.3836 0
73.5406 -19.2608 -28.9894 0
75.7826 -31.3064 -17.9904 1
74.55 0.0224953 -21.5001 0
71.7705 -2.28518 53.7354 0
70.6283 -0.795713 -54.6089 0
66.9463 -10.8264 -48.684 0
66.2345 -14.9862 -58.6902 1
76.1249 -51.1611 11.6897 0
76.3547 -47.464 -9.92018 1
76.3989 57.9662 -46.1802 0
69.7619 -29.9108 54.6789 0
68.7925 -18.5607 -52.6642 0
71.1006 -21.5158 -51.945 1
76.0222 51.4027 -57.7164 1
76.378 -11.5534 -24.7526 0
70.7966 -24.9047 31.0346 0
75.4095 -4.50049 24.8014 0
72.4433 -33.2978 36.0756 0
72.7848 -5.68267 -48.0087 0
74.3939 -35.4817 26.119 0
77.5077 49.225 -2.5622 0
77.4239 53.804 -5.56609 1
77.5968 18.9902 35.5859 0
77.895 6.03014 7.83286 0
79.1852 27.4371 43.7115 0
68.5337 -15.6069 33.1223 1
70.3533 -13.2293 51.2584 0
74.7656 -4.38902 15.2028 1
74.2616 -4.3611 56.8496 0
72.8888 -8.5158 33.6667 1
70.5332 -30.0206 -46.0591 0
79.4377 16.0581 28.3874 0
72.3136 -27.7009 -56.1591 0
70.2109 -12.5846 45.2333 1
77.2385 20.6401 52.3269 0
78.8712 -4.48923 16.5916 0
72.4345 20.3789 -56.1624 1
79.9283 21.2035 16.1043 0
78.0486 -46.427 13.7828 0
76.6415 51.2135 -15.3728 1
75.8037 -48.0757 24.7655 1
76.0588 -27.3194 -6.76528 1
74.5465 10.5242 -51.9532 1
72.0956 13.6057 -29.6594 0
77.3351 -38.6424 15.4987 0
77.9573 19.5708 57.8513 0
80.0696 4.09762 33.1862 0
78.1315 52.5597 -27.2116 0
80.7102 14.2756 49.4066 0
75.5006 -10.9099 8.96263 1
74.9398 -9.71789 38.8742 0
73.9622 -29.6439 -35.9487 0
80.9418 4.51669 20.7438 0
77.6243 1.94665 -58.989 0
74.3435 -12.3339 52.9448 1
80.8918 44.4128 5.42023 0
79.7491 -6.69247 -3.69377 1
82.5159 35.4631 -15.9109 0
75.7317 -25.7723 22.6925 0
79.5894 -34.2651 12.9152 0
78.2295 37.1547 23.4637 0
77.7978 -55.9834 -35.7893 0
73.9069 -39.7295 -30.1094 1
76.9854 8.07831 -48.9478 0
74.2019 -35.7523 -24.1756 1
74.5282 -40.225 -17.724 1
75.8419 -44.0317 -27.047 1
77.8096 -50.8718 -45.1531 0
81.132 45.9257 18.1002 0
78.2661 -57.7703 -52.1992 0
76.8425 -46.9235 -19.7076 1
78.6134 -48.4445 -15.9035 0
75.9101 -56.4531 -57.908 1
78.485 52.9157 59.2483 0
78.4651 52.5979 50.8855 0
74.3509 -33.7403 -56.2548 0
75.4781 -17.0521 58.4001 0
82.0236 57.8712 4.9992 0
80.0859 35.5754 52.3039 0
84.0291 42.9396 7.29392 0
80.6324 31.5298 21.5062 1
72.67 -24.154 43.3263 0
73.7895 -38.3044 54.0037 0
75.9646 -47.366 51.8505 0
75.9778 -32.8765 39.7585 0
82.7413 25.2513 3.96802 0
75.7254 -19.283 39.3945 0
80.7888 43.7578 42.8423 0
79.064 -55.7613 47.0864 0
78.1624 -22.6332 22.5105 0
77.2859 -29.8379 -36.0923 0
77.2951 -14.7354 25.9971 1
74.3406 -16.0603 16.9076 1
81.0758 31.5502 33.1901 0
80.6435 -50.2276 -31.6991 0
78.4152 -19.459 -12.9938 0
83.3651 19.326 30.5743 0
83.0548 -36.6651 14.5195 0
78.2998 46.4784 -53.2101 1
82.7202 -48.1514 -35.762 0
75.3187 -49.391 34.7628 0
79.9814 48.3375 34.2012 0
83.0178 35.5139 45.7209 1
84.3029 -47.9513 -28.9704 0
80.0295 -48.4005 -1.37834 0
81.1451 52.025 23.2022 0
85.696 28.3768 27.1032 0
82.66 -50.2668 11.0163 0
83.6125 40.4073 32.7056 0
80.7218 59.6871 32.53 0
82.257 58.787 40.2816 0
84.0891 29.1696 39.7734 1
80.4674 -58.4526 -21.7816 1
79.7423 -54.9537 -10.7378 1
84.1752 48.9379 -1.93611 0
77.806 -34.7673 52.1225 0
80.8303 49.1806 -26.1646 0
81.9363 56.7023 -15.26 1
82.8244 -31.746 23.3163 0
74.344 23.5886 -39.3107 0
75.9617 19.7225 -35.8669 0
81.3988 40.1125 57.1162 0
76.2362 17.2308 -32.435 1
77.5093 17.3947 -27.031 0
85.3702 7.67769 29.0351 0
79.38 -35.9023 34.6616 0
78.7862 33.9423 -33.7278 0
80.4903 18.1665 -18.2163 0
79.8762 35.7911 -51.3436 0
80.5662 -37.254 57.2143 0
80.1321 11.6619 -11.0537 1
76.3011 23.0369 -46.6838 1
81.3238 -48.0874 32.333 0
81.5445 20.6179 -59.3236 0
78.3664 23.6662 -54.8033 1
81.5648 -32.2903 53.9479 0
80.84 3.19077 -11.3014 0
82.0962 -43.0205 44.1441 0
82.6297 -41.7587 58.4634 0
81.4471 -2.94066 35.4647 0
81.0935 49.78 -39.5625 0
80.1322 -10.7484 36.0382 0
84.6606 52.5734 57.8769 0
81.7448 -50.3848 58.3437 0
78.7697 -6.78117 54.4952 0
81.0917 -20.4082 34.329 1
79.2002 1.31018 -22.2447 0
83.4737 -57.7762 27.4691 0
84.5693 41.0743 -59.4542 0
77.7111 -32.535 -47.6246 0
82.14 -20.1076 25.044 1
76.0717 4.21623 -37.2385 0
85.8745 -53.9123 10.7647 0
84.2334 55.1907 22.8901 1
81.4098 -5.59738 -17.615 0
84.6922 -50.2541 34.3702 1
87.3788 57.2502 15.1581 0
86.7467 45.5535 46.1388 0
77.0466 -8.46555 -34.9925 0
88.1598 -54.8862 20.0896 0
84.1122 32.7829 -54.0709 0
77.7334 -17.7861 -32.4075 0
81.4601 -44.2979 -42.6754 0
80.0217 18.0507 -42.3314 1
81.9151 29.5555 -43.9201 0
88.1162 54.3268 25.0483 0
84.2281 -41.95 -47.0239 0
77.2866 -2.8442 -46.4233 0
82.7726 -41.9039 0.215207 0
83.5069 -50.4915 -52.024 0
84.2392 38.6658 -44.0402 0
82.884 49.2998 -15.0141 1
77.7337 -30.0439 -0.734687 0
81.6914 6.13925 7.17454 0
82.518 -2.49127 13.9812 0
76.6869 -18.0743 4.82611 0
81.004 -25.6428 -0.555716 0
80.4294 1.53971 -29.6777 0
79.1197 5.22541 -33.6243 1
80.7234 -0.0168683 47.3629 1
83.7258 7.82498 1.40289 0
82.1871 16.6223 15.2822 1
81.7923 9.23688 -46.189 0
86.3899 -54.3952 59.5521 0
85.2166 14.967 35.9866 1
78.2419 -15.1416 -42.7256 0
87.4006 49.4701 -56.9492 0
84.9266 -56.6845 -25.7401 1
87.0724 -58.6265 43.9613 0
85.2859 -46.2957 -2.16753 0
87.2448 -37.4704 11.2528 0
80.6021 -19.5326 8.74276 0
81.346 -33.7793 -7.69895 0
81.2787 -0.494793 -46.8779 0
88.2011 56.5109 47.0578 1
85.5409 -31.3143 25.1647 0
83.8629 8.94655 56.2176 0
87.9639 -53.1061 35.018 0
79.7791 -30.9349 -25.6266 0
80.8283 -38.2648 -25.1813 1
80.7982 -13.7319 -48.4099 0
80.3086 -12.3728 -59.7206 0
82.5688 -14.6595 2.81608 0
80.7163 -20.1062 56.0744 0
83.4419 -31.1971 42.7664 0
81.7788 -30.1088 -11.1217 1
84.0861 17.4775 -46.0181 0
88.6423 38.8814 34.4945 0
91.0771 57.3123 29.3521 0
84.1951 -9.60085 -17.9865 0
91.3143 48.9932 34.7013 0
87.2945 -52.4035 -43.2238 0
84.9525 -0.825658 -47.2035 1
86.7961 -28.4623 2.13319 0
83.9792 -16.8831 14.2947 0
85.3984 -24.3037 17.0397 1
85.4854 1.11043 -32.1101 0
82.9267 -21.4045 -28.2962 0
84.6182 19.6871 -51.1189 1
85.7248 23.9067 -3.42832 0
83.46 -41.1022 -18.3519 1
88.9878 -53.3466 2.14158 0
83.6919 -17.3659 -9.28787 0
83.1493 -14.6213 30.1038 1
86.2414 -24.1536 -9.26355 0
86.8043 2.25105 6.67645 0
84.5616 55.535 -36.9968 0
88.1419 -28.2651 -6.21915 1
87.6788 -11.5095 -1.63704 0
91.6828 42.7568 38.9897 0
89.3147 -53.2066 47.8041 0
84.2184 -59.1032 -3.60322 1
85.425 14.3391 1.65898 0
85.5788 -0.0574588 -54.9281 0
87.4382 -6.38119 9.58591 0
84.0952 -11.9549 36.5266 1
86.292 -40.7514 36.0866 0
86.1411 26.836 8.406 1
84.8887 7.6149 -16.1527 0
87.891 6.97461 15.2191 0
86.682 -12.9028 -20.1775 0
85.5456 43.6523 -34.6577 0
84.5672 -19.3279 37.9629 0
83.9398 -26.8781 38.1449 1
91.3177 45.9296 45.6879 1
88.8263 -30.4832 29.3047 0
83.3653 35.3185 -26.8354 0
85.2313 -12.7355 -57.6227 0
95.2099 48.4254 39.3524 1
87.984 27.6854 40.8156 0
86.9829 -11.7958 20.3554 0
85.6448 49.2814 -23.8786 1
86.6526 19.1763 -11.9427 0
87.1603 34.8398 -14.9737 0
85.2675 -16.2525 50.6681 0
84.1923 25.0749 -25.828 0
89.5826 21.3486 -4.20979 0
86.8598 42.8082 -23.8354 0
85.2552 -9.71548 -40.9658 0
87.4294 -11.737 55.0054 1
89.7463 -18.8875 10.7375 0
90.1273 -52.3551 59.0201 0
87.7932 17.0046 -18.4566 1
88.573 -17.9627 22.6324 1
84.1365 -7.15719 51.2002 1
88.6641 -3.16859 22.2026 0
86.9588 24.3943 16.0028 0
86.2473 -35.1124 -10.3602 1
85.3879 -35.5512 -23.8989 0
85.6217 20.0845 50.9653 1
87.3432 19.0221 18.4835 1
83.5602 -26.1751 -57.0544 1
92.6865 -17.9998 13.563 1
86.4021 53.7388 -43.5696 1
88.6632 52.7193 -36.5344 0
90.2403 -36.1369 -5.05402 0
83.2507 16.915 -33.0524 0
86.9531 20.7453 -25.9856 0
88.3324 -36.2168 -16.6588 1
88.3584 3.85244 -24.4054 0
90.9012 -34.3861 11.304 0
89.0096 -59.7011 -36.8344 1
82.7846 -30.4077 -44.2888 0
86.8304 -36.8411 -51.1994 0
92.512 -7.16963 6.70014 0
87.2729 -44.7163 -15.6516 0
87.6202 -16.2985 -27.3411 0
87.6344 -51.5895 -10.1219 0
92.1639 -46.5489 9.15873 0
86.5316 -37.3015 -42.9365 1
90.8412 -47.2131 22.9575 0
83.6374 -19.4285 -38.9361 1
86.5203 -27.4592 -47.733 0
86.6724 -4.7273 50.0321 0
88.9777 -14.0601 40.253 1
88.9006 -40.5442 -39.5994 0
87.1497 -28.9726 55.8512 0
91.8027 -44.0291 -50.484 0
88.6734 -20.695 48.1345 0
88.8396 -25.4618 -54.0895 0
88.3941 -18.08 -57.4869 1
88.5602 47.8235 -48.2832 1
89.2773 0.0288246 -32.3633 1
88.9549 -38.8658 52.0174 0
91.2278 -18.4135 25.798 0
92.4704 -37.2889 52.2787 0
89.3215 8.31235 -16.5255 1
92.8014 -49.23 30.5038 0
90.337 -9.28336 -20.0615 0
89.6444 3.58011 -5.59115 0
91.7962 -39.3835 38.1536 0
87.4722 -30.8329 -34.9928 0
85.391 -26.2631 -30.5242 1
94.6054 -41.3122 15.0094 0
85.3063 32.0041 16.8024 1
89.9881 -29.7394 -29.0529 0
87.5654 37.0832 16.1543 0
85.8791 40.0848 11.6594 1
88.3141 -1.9378 45.1785 0
86.92 -3.12525 38.105 1
89.1516 35.3683 -52.8149 0
90.5895 -6.1556 31.8966 0
95.7908 -46.6666 8.25438 1
92.1819 -40.9768 59.2917 1
90.7016 -19.8824 -10.5778 0
91.4159 3.81446 2.39185 1
88.0138 54.387 -19.2114 0
87.3275 -59.7493 -46.269 1
89.4882 19.3847 -28.508 0
94.9584 -37.653 24.3499 0
87.7522 7.42289 53.4353 0
95.1578 -42.6625 54.9645 0
92.6509 6.24724 -15.5945 0
92.1736 31.2 29.3613 0
90.4247 -18.5392 -35.8149 0
93.1243 -54.9546 -51.8102 0
87.3872 48.0391 -6.48491 0
89.6689 -54.5107 -10.8541 0
88.0955 22.4972 -37.2204 0
92.728 53.9285 51.7152 0
91.1179 -59.4884 -53.5396 1
94.943 -45.4182 45.6798 0
91.9218 21.9757 7.2751 0
95.2211 -52.1058 37.5481 0
92.4742 16.3753 -2.14087 0
94.9541 -58.903 34.8706 1
88.0371 25.1413 55.2662 0
87.1237 23.251 -57.3136 1
90.1594 35.2678 51.5632 0
91.4063 16.1664 17.5312 0
94.9943 51.2811 27.3581 0
87.7009 17.811 -43.4207 1
89.959 4.33309 -44.0029 0
89.3079 49.7779 4.22603 0
88.0945 14.3708 -53.3581 1
90.829 -47.0676 -19.2296 0
89.9313 -59.99 -11.4859 0
91.1723 8.60504 54.6518 0
93.6108 -24.643 8.94256 0
92.8193 -31.7981 -32.658 0
91.5686 4.98228 16.7168 0
93.1749 -59.4815 2.35574 0
91.965 57.5388 -21.9331 0
92.4137 54.1562 -35.3352 1
92.8382 26.8108 18.473 1
91.8596 50.5479 -54.7253 0
90.5844 17.1662 -58.962 1
97.4108 -56.7947 40.9911 0
92.2806 49.1579 -29.9152 0
90.9083 43.454 -24.3914 1
95.533 -37.0467 4.2803 0
90.1055 23.2407 48.0422 0
91.7419 24.7594 40.3395 0
93.572 50.6184 -14.6872 0
93.396 -36.4183 36.7592 1
92.5912 -24.5798 34.3052 0
95.9839 43.9066 46.5874 0
92.4525 5.45832 -30.0263 0
90.985 31.0309 -35.8133 0
90.848 -22.7569 41.3515 1
88.6106 24.5935 -48.7322 1
92.5683 45.8005 -45.3377 0
93.7571 41.4997 -30.6443 0
91.5104 32.6297 -23.3724 0
94.0603 28.407 58.9024 0
91.9208 -7.41348 -34.1422 0
92.3629 37.2906 -14.086 0
91.9973 32.0574 2.76012 0
95.5081 4.96082 4.37758 0
93.4425 27.8558 -14.8852 0
94.4897 24.1912 -27.923 0
93.2964 20.9736 -21.2875 1
94.6555 -40.9723 -6.66803 0
91.1047 -18.7867 -51.7845 0
95.1299 -8.0436 0.109907 0
97.6051 38.6994 49.0332 0
97.9652 25.7173 -24.0532 0
97.0543 26.8542 50.1851 0
95.5666 43.9885 57.9009 0
92.6236 -18.0786 -19.2527 0
94.7864 45.6705 -16.4826 1
94.9715 12.5158 -6.86827 0
90.5084 -0.79795 -53.1385 0
97.4813 54.335 51.1222 0
91.7428 23.6657 -40.0194 1
90.4892 16.8799 30.7724 1
96.838 49.2268 -58.9465 1
91.2304 31.0275 -46.4221 1
90.5944 44.4141 2.49875 1
96.2744 17.6805 13.2092 0
91.4902 42.4903 12.7587 0
91.6348 -13.249 -56.713 1
91.4708 -56.1811 -30.3928 1
94.0443 -21.0508 -58.7405 1
96.9281 22.3758 -11.7445 0
101.514 42.6822 46.5931 0
94.811 -26.8602 56.8312 1
94.523 -32.2526 30.1771 1
95.3643 -24.6283 36.9314 1
96.1259 2.24779 -8.5807 0
100.05 59.4345 50.7364 0
90.4405 11.3957 34.0107 0
95.5683 -16.7336 37.0271 1
96.0824 0.0625497 -18.7169 0
94.6135 50.4398 7.9016 0
95.9753 58.7934 13.4613 0
98.306 -56.3073 57.6729 0
98.1521 -34.1737 1.96201 0
98.4393 -34.5972 21.1522 0
95.1358 3.44553 18.3732 0
94.84 41.6441 15.8374 0
95.196 26.561 21.2263 0
96.3849 44.1004 21.8607 0
94.2093 -18.8237 48.8741 0
97.6294 30.9502 32.5594 0
98.1409 36.6213 -19.4054 0
95.5509 20.8945 34.8686 0
97.1709 39.6401 -25.6065 1
97.2763 38.5374 -35.0074 0
97.2573 -51.3043 16.1817 0
95.6796 -21.5491 21.6045 0
95.4078 -21.0085 -13.1655 0
99.2321 -42.5468 20.9413 1
96.4358 36.9491 9.12661 0
97.5645 -23.9221 16.7562 1
97.4407 -13.4278 -0.135371 0
97.6736 32.8827 5.35807 0
93.1963 -3.11991 55.3513 0
97.7926 25.8992 4.0741 1
95.4965 -18.3184 54.7059 1
95.0567 -34.3413 -14.8077 0
94.2671 -11.6274 56.8411 1
92.8752 10.4086 39.2281 0
98.9696 -43.4555 -1.78843 0
97.7662 -30.6575 -17.2426 0
95.342 -31.2148 41.2175 0
94.5467 3.07857 28.9268 0
94.7547 -6.18784 35.7028 0
93.902 6.03909 42.7399 0
94.9732 12.3414 50.415 0
99.5642 44.822 -30.4696 1
94.0911 -41.0304 -31.819 0
93.4474 -43.9188 -25.4484 1
97.9733 -14.3791 40.6933 0
97.8659 -35.6324 45.6092 0
99.9575 12.1858 14.5346 0
92.8217 -50.7621 -26.1109 1
98.7636 24.9761 -3.16724 0
101.841 31.984 4.39894 1
98.5227 13.8468 48.1958 0
98.9016 -5.71915 11.2148 0
97.4809 -0.701368 -12.1309 1
98.3388 -31.0913 -26.7885 0
100.53 -28.252 49.1377 0
96.1153 42.3487 -45.8098 0
96.7906 -8.37463 -15.7784 1
95.789 30.5028 -46.9055 0
98.5173 2.46765 28.9885 0
99.4876 -4.72467 20.1046 0
98.5466 -2.09514 36.8165 0
98.915 31.8 -59.3246 0
99.523 34.2289 -45.6322 0
96.7238 -58.5696 -0.337991 1
101.985 -33.8333 20.8919 1
99.9371 -2.91728 -4.08328 1
99.9003 -27.0934 -8.45379 0
101.581 40.8109 -44.9452 0
95.1873 39.8309 -5.16269 1
101.199 29.635 -44.4906 0
97.9457 24.4322 -52.3241 0
99.7873 38.0164 29.3907 0
100.333 26.9682 30.0537 0
100.368 8.53961 2.71126 0
99.6693 21.0913 -51.8284 0
97.1519 45.8207 -9.0054 1
100.976 18.5402 21.6639 0
101.742 28.8084 51.6665 0
102.316 27.2034 12.4637 0
101.489 41.6704 21.0147 0
98.7838 44.3434 1.72172 0
102.205 17.3005 -2.40391 0
94.4908 15.9582 -46.7746 0
104.338 36.7222 29.49 0
102.573 48.8526 26.5633 0
98.7129 -15.7262 -17.4847 0
101.077 49.3482 34.5354 1
97.2689 1.98805 -29.0052 0
104.346 10.1021 6.54572 0
105.317 43.6285 37.3937 0
96.4286 5.95175 59.2796 0
95.9937 -47.1063 -49.3743 0
103.768 58.9377 48.874 0
102.546 12.9571 51.7162 0
96.5966 -47.851 -25.333 0
101.883 56.5613 37.2106 1
100.999 -20.125 38.859 0
101.806 3.65604 -7.47651 1
100.712 -11.2437 11.1563 0
101.218 18.1667 37.7259 0
99.31 -18.9767 29.1111 0
103.468 23.7565 38.9552 0
101.263 -17.3892 20.1253 0
101.126 9.83931 27.4067 1
102.23 -13.8283 2.65387 0
101.273 -23.053 2.45789 0
99.8375 -28.3054 7.37529 1
105.416 24.1391 27.1206 0
103.444 -29.0207 2.1651 0
105.242 4.46157 16.1282 0
105.723 30.0003 52.6425 0
104.748 15.6539 40.0001 0
94.365 -17.2726 -40.0094 0
106.213 34.3812 43.3774 0
94.6168 -57.7799 -21.904 1
101.313 -5.16745 -13.0261 0
104.474 -8.69911 29.4491 0
103.248 1.77657 29.8459 1
100 -7.43245 -24.495 0
106.505 -23.2163 -0.771289 0
101.091 -17.0731 -24.7132 0
103.876 42.861 16.7037 1
94.8228 -27.5776 -40.997 0
96.327 10.7857 -36.4226 0
103.682 26.7618 -5.32469 0
97.7192 -38.4711 -42.156 0
103.851 -36.0729 5.19965 1
105.595 11.3628 -0.507526 1
98.3783 -38.7612 -57.073 0
98.3493 -28.5731 -45.7906 0
101.167 -50.0602 14.7823 0
94.3372 -54.9324 -14.9707 1
94.7977 1.13059 -42.3847 0
94.2378 -5.07944 -48.9208 0
100.361 -45.8512 -46.3232 0
103.999 -35.1008 11.7529 1
100.802 -25.8085 -30.948 0
99.8379 16.7676 -43.0281 0
100.531 11.9824 -55.4003 0
102.979 13.3441 -11.611 0
100.204 5.86317 -45.5189 0
103.531 10.2918 -52.876 1
104.19 -26.3277 42.1812 0
106.335 3.0169 30.5582 0
103.601 -17.5367 31.5803 1
104.079 19.9531 -43.3981 1
102.87 -22.0052 19.173 1
99.1853 -9.75219 46.2445 1
102.627 -31.3941 -28.8214 1
102.464 -43.3641 51.3923 0
101.375 -32.4864 -53.9279 0
101.049 9.4662 -30.3569 0
99.8618 -23.7124 59.9091 0
104.169 -46.0877 54.9911 1
103.493 -3.77513 -27.0157 0
103.39 -26.5179 -59.9341 0
105.84 -38.1796 48.7514 1
101.939 15.3835 -19.7186 0
101.455 58.9971 11.8701 0
97.1372 -11.3354 -57.8706 0
103.853 13.4724 -28.2739 0
99.9138 51.5526 5.81139 1
104.426 19.1175 -21.6832 0
102.918 29.6764 -21.5824 0
102.853 -50.521 40.2927 0
99.4599 -4.61062 -51.4892 0
100.325 -13.9491 -35.2591 0
103.965 -25.5634 -35.5222 0
107.238 7.58747 -13.4067 0
105.501 27.1354 -42.6925 1
104.743 30.7687 -30.4499 0
102.492 41.0332 -26.2158 0
102.481 4.29253 46.779 0
102.395 -19.4803 -43.898 0
101.463 -9.42961 -41.9558 0
105.275 -19.1238 -15.6218 0
102.706 45.919 9.04075 1
104.682 1.59766 44.2679 0
107.482 10.4772 -30.4052 1
105.965 14.14 -37.0733 1
106.144 -9.83895 -9.64931 0
97.7308 -58.8699 -14.1806 0
103.345 -0.106133 -36.9123 0
106.998 -4.52555 -27.937 0
99.0292 51.1315 -13.8161 1
103.653 -3.92541 -48.5988 0
106.205 -21.802 -43.0004 1
99.7029 47.6281 -6.22968 0
104.027 -37.0445 -10.185 0
104.38 44.3092 2.5406 0
105.389 36.7605 -4.42394 0
106.305 -6.13022 -2.66556 0
107.613 -13.5097 -34.5811 0
106.325 -53.0207 50.4552 0
108.306 -21.0515 -5.90081 0
102.782 52.1667 -13.1503 0
109.638 -15.0387 -16.7413 0
106.12 2.63559 38.8456 1
107.228 -29.1065 -16.4561 0
105.073 -36.2813 -18.3878 0
104.239 38.7753 -57.962 0
101.514 56.0959 -59.2298 0
106.964 42.7485 13.6877 0
112.829 -17.8179 -5.33025 0
106.252 39.634 -53.8368 1
102.21 6.71833 59.5851 1
97.127 54.9865 -48.1781 0
101.218 -40.5407 31.3233 0
110.533 -3.72129 -25.5947 0
110.994 -3.82552 -16.4058 0
106.312 -33.3999 40.7821 0
100.513 50.366 -42.8812 0
107.271 29.136 -17.733 0
105.05 -38.709 36.5527 1
96.7491 -56.0779 -35.0655 0
111.67 7.64201 -16.7468 0
104.339 -4.42346 -59.097 0
107.246 1.613 2.58603 0
96.0356 58.9264 -34.4589 1
108.053 21.6175 -8.53782 0
100.833 -47.261 -30.4855 0
101.712 -54.2255 -29.7707 0
98.8953 59.1038 -51.5213 1
102.14 -52.1632 -47.1403 0
103.25 52.5882 -40.9569 0
102.325 -58.3807 -42.2709 1
104.871 54.2497 9.72493 0
105.476 42.7891 -21.4579 0
99.4137 53.4713 -31.1484 1
109.334 37.2773 28.1209 1
105.813 -54.1901 -46.3722 1
109.71 37.0332 21.289 1
107.55 14.314 -41.3375 0
108.256 42.4554 -9.50278 0
104.586 -17.3932 -58.0997 0
109.738 45.0251 3.87409 0
108.042 3.5051 -34.4853 1
103.098 -59.8565 -20.0897 0
110.988 24.4426 -16.1183 0
107.459 -12.4376 -48.8823 0
104.707 55.6328 -23.8739 0
108.971 45.4824 -24.2838 0
108.711 29.2888 -31.6013 0
105.706 -31.3137 -53.6705 1
111.152 21.467 -22.7065 1
111.195 24.4614 -29.4234 1
113.388 34.2884 -22.5837 0
106.707 50.8746 -42.8922 1
108.896 40.1439 -34.219 0
110.548 -21.5789 -32.0769 0
107.674 43.1748 -40.6003 1
114.724 24.1818 -16.1291 1
110.66 32.3007 -41.1623 0
100.53 -58.1977 -3.4452 0
104.008 -56.5684 2.66107 0
104.685 -39.8184 -53.49 1
105.931 -29.4893 -35.3897 1
106.23 58.9647 -59.243 0
102.926 -45.5297 -9.0238 0
107.692 50.6589 52.8464 0
107.605 -28.2513 -45.5305 1
110.799 -9.92173 2.33564 0
105.98 -47.6645 -17.4499 0
105.282 -54.7941 -8.2091 0
106.555 7.51875 59.9215 0
111.118 5.39742 -1.6864 0
106.527 -48.4093 40.1429 0
107.459 17.0451 -56.9796 0
106.421 43.8708 57.5178 1
104.592 -45.3528 -30.8786 0
106.952 -45.7947 -59.0886 0
106.404 54.5095 -12.2345 1
102.961 -53.6528 27.5789 0
106.433 -35.1066 31.0184 0
108.306 -54.7153 -53.0572 1
109.751 -33.7872 -20.649 0
112.418 43.0116 -15.2258 0
105.218 -38.2531 18.9952 0
106.658 -46.4914 -34.431 1
107.188 -47.5572 -38.3417 0
113.487 46.4658 -27.5373 0
104.857 -53.0419 18.5125 1
105.657 58.3171 20.1071 0
108.997 -30.7775 45.2184 0
109.972 51.3151 -17.1856 1
107.275 -25.8675 54.7654 0
110.552 -37.3134 -26.1527 0
105.773 57.2687 28.1103 0
111.313 -42.3053 -28.9334 1
107.443 -36.9077 -33.2875 1
104.499 -9.07589 50.9917 0
107.76 -34.9018 -49.3749 0
111.091 -45.1231 -15.4699 0
109.524 -46.6406 -55.6939 0
110.737 -40.7421 -37.7875 1
104.746 -11.2144 43.2699 1
107.906 -10.3089 45.4837 0
109.17 -6.25928 -57.5169 0
110.835 -35.0263 -43.7556 0
109.124 -1.34594 56.2926 0
110.593 -13.3918 -50.1011 0
110.522 -9.39234 39.4421 0
109.923 2.23497 -43.4283 0
110.031 1.62657 47.5956 1
111.374 48.9273 -9.34869 1
111.231 -26.1268 51.2632 0
108.738 -14.4905 30.4879 0
106.027 -26.6838 20.0183 0
109.776 -22.0068 36.2828 0
112.928 -12.2768 52.4266 0
107.985 -18.8307 8.75185 1
113.874 -4.8658 -57.1875 0
112.87 -7.34397 -41.7726 0
107.046 -22.3746 24.9897 1
114.375 0.394748 -41.1832 0
115.939 44.1197 -14.7615 1
109.378 42.5377 37.2017 0
109.865 35.9785 51.9793 0
112.451 -45.0242 -51.2926 0
111.193 32.0891 52.5091 1
114.086 -34.9312 -14.9627 0
110.391 51.5811 45.5545 0
114.749 -10.4652 -13.8198 0
108.755 -59.0662 27.2223 0
108.924 -58.1909 -34.7452 0
114.307 -30.3801 -31.8308 0
108.841 27.4445 59.7095 1
114.274 -42.3555 -36.2066 0
109.716 -58.3196 39.4428 0
112.522 -59.3805 42.8239 0
111.204 54.7717 28.5643 0
109.239 54.7063 11.9494 1
113.742 49.0507 49.2055 0
110.952 -58.2988 -16.0321 0
110.813 -49.2266 -8.49645 0
111.274 -58.6383 -27.5116 0
111.215 36.2607 5.35884 0
109.842 34.3699 15.427 0
109.301 -59.1307 -2.26463 0
111.368 55.9069 7.23421 0
113.06 18.5548 -8.44729 0
113.733 30.3875 -9.50971 0
113.285 51.4412 36.7631 1
109.806 -49.3971 0.836248 0
112.011 -57.283 50.0949 1
107.484 -40.9197 8.2066 0
113.696 -24.1226 46.8839 1
114.365 10.4172 -19.1219 0
109.769 -33.0993 17.9398 0
112.202 -26.0812 28.5052 0
117.06 -5.26801 -20.1055 0
111.103 -46.4217 39.4587 1
111.71 3.4991 9.40578 0
108.286 23.1455 17.1898 0
110.085 33.5556 -55.0044 1
108.571 -17.4967 19.696 1
110.248 -5.79082 13.5508 0
107.9 10.3543 20.2848 0
111.468 -13.8708 24.9012 1
113.821 -11.2544 7.20986 0
111.237 18.734 11.567 0
115.228 49.341 -7.78721 0
111.765 -36.5867 28.9087 0
111.134 -49.3162 8.00274 0
110.234 59.8644 -54.3284 0
114.722 56.6493 -10.4319 1
114.36 59.8017 -6.03587 0
109.815 19.6503 28.8817 0
115.758 -43.1234 -22.3073 1
114.876 -53.194 4.90614 0
112.671 -38.4915 12.0087 0
112.922 -50.6886 17.1589 0
110.527 -30.7927 5.99091 0
118.246 35.1501 -16.8296 0
112.448 32.2898 13.5911 1
114.304 -13.9645 14.1536 0
115.568 -6.55221 15.612 0
114.611 56.2365 15.0514 0
114.448 48.818 18.5624 0
109.972 15.3779 43.2201 0
114.488 47.2143 9.82514 1
113.285 25.4106 8.82882 0
112.953 -50.5999 -40.5075 1
113.235 -12.0057 34.0148 1
115.494 51.235 32.883 0
114.669 32.685 -0.586199 0
114.009 -54.6206 31.0305 0
110.23 3.08556 31.149 1
113.834 4.20916 20.44 0
115.966 -52.5358 20.2599 0
115.1 -59.8877 -31.6543 0
112.096 -5.54221 29.5596 1
112.984 58.6866 -49.424 0
110.15 52.1233 -47.0429 0
113.17 47.7269 -53.6137 0
115.882 -52.7594 37.0921 0
118.26 48.6514 10.563 0
112.554 49.3841 -46.0913 1
113.484 12.318 17.9059 0
109.651 41.1706 -47.9158 1
116.612 -16.775 18.7071 0
115.985 55.6565 -32.5248 0
116.519 -27.0046 24.8059 0
112.481 1.4677 43.7026 0
114.436 45.7307 -44.0669 0
118.344 -47.9428 -31.9819 0
115.737 21.0672 -4.04662 0
115.209 47.4145 -58.1205 0
116.862 45.5604 58.7584 0
115.752 -49.4048 -51.4296 0
116.619 42.9998 50.1734 0
115.925 23.4584 -0.441693 1
112.729 -29.7909 2.44869 1
117.543 29.1882 6.30157 0
114.117 -21.8587 -15.7047 1
113.752 30.4824 20.5688 1
116.631 11.203 8.77858 0
119.035 58.6747 24.8156 0
115.007 -28.0752 0.234906 0
112.855 30.4764 28.0702 1
115.557 41.2291 37.8282 0
116.05 -37.4939 -46.3064 0
120.304 43.4377 57.196 1
116.297 -17.8854 -22.5982 0
115.504 -39.6702 2.61196 0
117.317 -34.9225 13.9609 0
118.605 -45.7684 -27.1245 1
114.822 -14.7579 -57.9576 0
116.977 -12.0533 -2.60376 0
118.401 46.936 26.2959 1
114.957 -54.1222 55.9177 0
113.757 34.7613 -42.7974 0
107.604 23.6679 -49.3854 1
118.672 -54.1254 -0.0627816 0
116.776 -49.1521 -45.6061 1
114.902 -28.3534 -45.7271 0
119.398 -27.5498 5.6498 0
119.263 49.9402 -2.72346 0
118.74 21.1768 -12.2945 0
118.432 -54.5013 -53.2662 0
111.904 10.6183 -52.6145 0
111.161 18.0512 -44.2173 1
112.525 13.4577 59.706 0
117.994 -30.5532 -22.3163 0
118.856 -59.3974 -40.6592 0
113.587 15.2857 -40.4184 0
116.882 -14.7976 42.4945 0
119.334 -59.0093 56.3773 0
117.802 -21.7281 20.0465 1
114.436 30.8249 -50.3677 0
116.802 -56.8438 -18.9418 1
116.456 2.32062 47.9359 0
114.002 14.8964 -29.3919 0
116.831 24.9019 -35.2949 0
117.461 34.5101 -44.0165 1
120.043 50.5775 -45.1534 0
116.897 10.3037 -56.8917 0
115.227 -26.0118 -53.0575 0
118.902 -30.1138 -5.37898 0
122.208 -21.8688 4.33429 0
113.524 24.3777 55.4002 0
117.216 30.5104 -31.0221 1
115.947 -23.158 -56.5623 1
112.949 -38.0732 57.7664 1
117.158 -29.7223 -39.5039 1
117.282 11.3248 1.54275 0
113.144 19.9859 46.5316 0
122.692 -18.3353 -3.07958 0
119.751 11.9507 -17.5406 0
117.582 -20.2636 -35.9555 0
115.637 -26.2271 54.0431 1
117.32 10.3775 -36.6603 0
116.637 -1.5035 -29.6555 0
117.313 -0.577123 -1.24598 1
113.347 -41.9974 41.662 0
120.492 -22.6425 -21.5427 0
119.577 -56.3468 -10.0611 0
115.202 8.29022 38.5196 0
115.739 21.9115 48.7604 1
120.356 22.5186 -35.5793 0
116.615 -35.7982 30.0433 0
118.39 -24.1117 -11.4529 1
119.508 -0.28806 -7.88077 0
117.753 3.52834 -36.0258 1
120.837 -2.95183 -19.3614 0
122.046 2.52695 -12.5046 0
122.217 6.02999 -2.12888 0
115.843 -33.812 52.3168 1
116.833 -35.8713 44.9632 0
123.576 -5.44649 1.25116 0
119.04 -39.1339 36.0332 0
119.858 -29.0575 36.0805 0
119.416 -47.7141 30.361 0
121.41 -28.68 22.4711 0
124.224 -12.9222 -7.86165 0
123.493 -17.7815 -9.75188 1
119.414 -17.5939 -36.6491 0
120.887 -54.9136 29.5764 1
123.205 -10.743 -25.8678 0
122.874 -23.693 -35.9996 0
123.476 -28.2627 -24.3785 0
120.883 -39.4292 8.72815 0
117.951 -47.9655 42.0528 1
122.956 -33.8032 -6.04125 0
121.599 -48.3256 -43.1879 0
123.223 -37.7212 -9.35463 0
125.279 2.92125 -15.6052 0
121.589 -45.7289 -2.15033 0
125.74 -4.96187 4.73086 0
113.941 20.5479 33.1084 0
119.134 -16.9951 -52.2636 0
120.54 -4.79871 -35.7962 0
117.273 19.2794 34.9701 0
122.991 -20.1693 -16.0019 1
121.918 -10.7942 -43.8083 0
115.745 32.2204 31.2742 0
117.48 -4.03802 -54.1238 1
120.003 -25.554 52.6442 0
122.579 6.66078 -30.7405 0
123.418 13.6857 -21.7952 0
117.519 -50.7576 48.9828 1
118.774 37.436 39.8086 0
123.294 -3.9657 -38.7646 0
122.355 -54.0035 1.49858 0
122.862 21.552 -27.7641 0
120.501 35.2878 -25.2415 0
126.074 19.7318 -22.8878 0
121.116 40.5677 51.2972 0
120.927 -53.7284 45.9069 0
127.924 8.73482 -25.7994 0
124.184 -55.0059 -37.901 0
117.88 27.5882 48.8724 0
127.173 -27.3143 -6.51242 0
121.467 -25.3967 15.0947 1
120.559 -19.8703 45.6566 0
119.666 56.764 34.0377 1
126.403 -38.6615 7.0668 0
117.075 26.3655 -52.8018 0
119.351 20.3455 57.0849 0
121.9 -11.6098 -55.5235 0
120.337 31.4179 59.499 0
117.881 35.1462 20.5538 1
122.893 -48.3792 20.3174 0
121.585 53.088 -7.09965 1
126.054 8.44386 -32.7973 1
118.72 48.582 -26.6448 0
127.847 -10.4044 -26.9829 0
119.334 -11.4236 39.8642 0
121.368 39.3639 -47.7439 1
120.704 32.998 -42.8317 0
121.56 51.8309 -39.6995 1
128.699 -0.830075 -13.8113 0
123.873 33.0151 -27.8192 1
122.94 -39.9371 -16.2809 0
117.725 17.1859 -55.0505 1
128.691 -18.0317 -5.70779 1
123.387 -46.0279 32.6759 1
121.685 16.3589 -53.0418 0
117.401 -40.9891 59.4244 1
125.886 -44.6765 -5.11204 0
126.231 27.8894 -33.8391 0
128.523 -13.5156 -20.3131 1
123.195 -58.6217 5.57343 1
121.578 42.004 -17.0148 0
123.516 12.4429 -49.726 0
122.434 59.5499 20.3032 0
121.469 4.15847 -53.0045 0
125.914 10.0474 -55.2559 0
121.026 4.96835 55.7687 0
121.901 -2.31718 56.0193 0
122.739 -14.9666 51.265 0
117.102 -3.13478 33.074 0
129.887 -10.3778 -13.0722 1
122.514 46.9903 -0.942979 0
123.487 37.124 -9.29035 0
118.576 1.76447 20.9254 0
119.088 -9.38411 25.8189 0
123.148 49.8752 59.4213 0
126.731 0.754812 -53.8599 0
124.647 35.3334 -42.6724 1
120.664 -27.8489 -52.3498 0
124.347 28.4554 -56.4999 0
126.616 -1.82794 -43.8789 0
120.683 -11.3678 19.904 1
127.058 -45.8745 11.8945 0
117.405 9.09854 22.0893 1
122.203 8.05223 7.79955 0
123.331 -23.85 34.7873 0
121.778 -4.78305 33.5066 0
120.212 12.5717 39.1837 0
128.656 -38.8543 11.451 0
125.982 -19.1833 7.93069 0
129.236 4.64361 -35.6716 0
125.157 4.85986 49.1493 0
121.338 -46.2483 -57.8683 0
129.049 7.27009 -40.3718 1
124.858 -14.2805 14.3044 0
119.538 17.0983 28.8017 0
124.616 33.2791 -50.988 1
130.608 -20.5556 -0.495507 0
127.057 -52.8107 3.21552 0
125.577 59.1983 16.1896 0
125.453 -38.1886 26.7235 0
123.5 -17.546 23.5748 1
120.715 36.4798 27.7751 0
126.493 -26.0017 24.4179 0
122.169 4.29321 21.4132 0
129.422 -2.47116 -55.7584 0
130.492 -45.4747 16.491 0
121.708 41.8854 35.7806 0
124.819 -43.4205 -44.301 0
127.515 -58.35 18.9156 1
121.939 45.7613 13.1178 0
120.78 33.2995 9.13437 0
123.834 12.329 10.7013 0
124.749 -29.3373 -37.6018 0
124.453 13.4136 41.1192 0
125.388 43.4086 1.96847 0
126.594 52.3195 12.3006 0
124.08 39.0546 9.75254 1
121.658 51.5798 -26.8882 0
118.331 20.3001 16.4763 1
122.358 -55.6999 -18.5139 0
122.607 25.3019 -7.15471 0
125.387 33.3104 0.463061 1
122.445 19.0578 21.038 0
124.125 50.7425 -16.8072 0
126.136 -3.82711 19.5922 0
124.826 -47.9577 -21.9748 0
126.439 45.8356 -6.31741 1
124.451 31.5377 -9.18476 1
130.323 -15.4274 9.58707 0
127.464 26.9394 -14.2656 0
132.179 -39.2745 1.14175 0
130.17 -34.1706 17.6381 0
125.392 41.2714 -28.8839 0
123.615 5.83646 30.4774 1
131.378 16.2722 -21.5975 0
125.537 55.7396 -26.3643 0
122.678 -39.3265 -25.714 1
124.121 45.2956 -43.2814 1
128.46 40.9064 5.03642 1
125.179 -2.43733 43.6871 0
124.41 -40.9844 -35.1594 0
124.577 19.9924 41.7132 0
129.778 7.16635 50.926 0
126.333 -7.26414 34.6706 0
126.828 -35.479 34.1005 0
125.477 -9.98979 48.6974 1
124.696 21.3634 9.07839 0
126.372 23.8747 -1.8737 0
126.36 -15.2474 44.2829 1
129.185 -7.38668 43.276 1
134.277 -24.1071 1.24469 0
126.821 14.293 1.29651 0
127.634 18.9499 55.9364 0
125.432 14.0289 28.1031 0
129.814 -42.2698 -13.9354 0
128.983 36.4484 -10.8304 0
135.05 -39.5164 -1.19511 0
129.566 -9.22947 9.8201 1
127.834 -57.1044 -37.6413 0
127.922 -36.8939 -33.6149 0
128.111 -50.7148 -22.1704 0
124.263 -17.0471 55.3438 1
129.503 58.6564 -28.6529 0
124.802 -14.1083 -58.5127 1
124.845 36.8513 42.3593 0
125.922 25.9345 42.0284 0
127.074 29.5187 53.2928 0
128.413 16.3611 -36.2278 0
129.111 18.3805 -41.0515 0
126.797 22.8446 38.035 1
124.688 27.0343 32.5787 1
128.702 -39.5405 36.2718 0
133.758 -32.1298 18.0841 0
124.574 52.1446 29.1234 0
127.794 46.6596 25.7396 0
125.283 38.8265 22.4107 0
130.994 -22.3498 20.8914 0
124.665 30.9232 19.2597 0
127.782 50.5537 -14.0157 1
126.559 -37.2754 -45.735 0
130.201 40.4638 22.7533 0
129.782 24.4347 2.29674 0
122.951 -37.4346 49.7371 0
130.953 -30.0765 -9.12169 1
127.536 -19.0973 38.0029 1
126.366 36.8483 46.4987 1
122.288 -28.7822 54.8189 1
126.06 -28.2796 -51.0621 0
124.316 -38.0579 -58.8069 0
127.55 29.5932 -40.6846 0
129.385 -59.1767 2.31487 0
128.331 42.6685 -34.6387 0
128.697 -19.4121 -39.5147 0
132.575 -21.5365 13.5786 1
130.732 -42.3682 -41.54 0
132.067 -32.5137 -42.5293 0
135.255 -46.4426 12.7503 0
130.732 41.42 -27.4039 0
130.43 7.51273 -7.0969 0
132.793 -49.6159 -4.42368 0
131.221 49.4957 12.2246 0
133.128 -56.3426 14.5275 0
129.872 -22.5359 -46.4646 0
125.563 47.7865 51.4005 0
126.647 -52.8612 29.3115 0
134.512 58.3899 16.8856 0
128.825 54.4019 -5.90644 1
134.946 -25.1868 7.96931 1
125.211 -51.4434 -52.8741 1
131.13 58.6805 -3.38072 0
134.17 50.0259 8.67098 0
127.611 40.1453 -46.0858 1
131.868 -49.7454 -20.7011 0
133.461 -53.0563 -35.1404 0
131.227 -55.4544 -40.758 1
132.059 4.81623 47.5313 0
131.725 -6.8124 -40.2777 0
132.444 -17.5891 -39.9182 0
124.893 -57.596 46.366 0
133.797 59.7811 -29.283 0
123.246 -51.1312 53.1677 1
127.58 56.3832 34.9561 0
123.104 55.7447 47.3865 1
135.575 -34.6771 -8.62177 0
126.487 -47.3812 47.0809 0
124.585 -42.083 55.2168 1
131.475 10.4803 37.9558 0
131.683 49.8931 -12.3832 0
132.771 16.0772 54.2076 1
131.611 30.7607 -38.6726 0
132.707 -12.1639 -38.1647 1
136.311 58.9852 0.0871313 0
133.282 20.0094 -39.6107 0
128.086 -27.9627 42.3964 1
130.937 22.7148 -53.1984 0
131.988 -39.3553 -20.8109 0
131.83 -15.4778 -26.0111 1
126.665 -24.6497 59.9097 1
131.873 43.7265 -39.5011 0
132.584 11.9803 -55.6276 0
133.042 26.123 -49.4042 0
133.811 0.526961 -43.62 0
135.133 -4.99437 -32.78 0
135.634 16.6686 -51.5084 0
132.516 -33.619 -21.5409 0
133.253 -33.4168 -28.2757 0
129.1 -56.1602 32.4691 1
133.431 -0.905509 -57.0663 1
125.9 54.1655 -49.8051 0
135.059 -27.642 -26.143 0
132.585 -57.3981 24.3833 1
129.832 0.538063 31.3761 0
128.812 51.2901 40.0295 0
136.208 -49.853 -15.9077 0
134.087 56.6708 27.508 0
137.559 -52.8112 -8.52143 0
129.998 -29.0143 -55.9482 0
128.548 22.429 27.4463 0
129.935 29.9361 42.983 0
135.861 59.1503 -25.3191 0
131.123 40.1972 40.6902 0
131.313 46.3321 48.9184 0
137.064 11.7221 -54.0124 0
133.85 41.0461 34.6053 0
122.966 49.2009 -51.8451 1
132.919 55.1008 40.3507 0
130.397 -10.2061 31.8669 0
135.957 -33.3601 -41.621 0
134.317 47.0422 19.7379 1
129.036 -15.3839 53.725 0
130.438 -17.3226 -58.4429 0
134.622 25.2938 57.1243 0
138.051 57.5449 28.6425 1
135.954 43.3573 27.6382 1
131.507 8.11123 26.9093 0
134.614 -3.24497 57.6388 0
134.694 -13.7208 -59.9263 0
130.472 4.71267 11.1183 0
137.539 2.9907 -46.7377 0
137.451 -23.2825 -34.938 0
132.98 -15.7456 52.6223 1
128.855 -36.0853 54.6733 0
130.543 39.4768 58.4096 0
130.184 -2.09211 11.8255 1
133.94 -9.75293 8.23799 0
134.87 6.58616 -34.1523 1
137.743 -8.16094 -50.9946 0
130.548 31.0979 19.8569 0
135.435 3.92204 40.2166 0
130.602 20.5558 18.505 0
133.859 -7.53012 41.9431 0
133.085 6.20341 5.55915 0
129.579 34.7701 12.1201 1
132.487 15.7904 29.277 1
132.357 -17.6514 28.7351 0
135.55 -28.8065 -52.8101 0
138.029 56.3553 18.4723 1
132.493 -14.4664 42.0417 1
134.316 1.43202 23.3281 0
133.819 -14.0048 21.0821 0
134.776 30.0785 31.2233 0
130.407 -45.8812 45.0597 0
134.257 25.8882 19.4103 0
132.488 -40.7297 36.4746 1
133.785 -31.7823 55.5654 0
136.212 41.2101 14.2651 0
134.381 -17.0192 45.8241 0
135.815 13.6599 20.6503 0
138.551 -2.89736 53.8256 0
132.953 -28.4347 41.3308 0
133.815 7.81066 -5.27873 0
136.212 -22.4882 30.2692 0
141.201 2.66802 59.9561 0
139.32 -37.7268 -10.036 0
132.892 18.2938 -13.7004 0
133.813 -20.4556 -20.3848 0
133.76 45.3417 -1.57363 0
133.37 39.1318 -12.3265 0
136.716 -37.0098 21.3221 0
134.072 -43.9626 30.152 0
135.661 7.89073 -12.4431 0
135.101 51.1508 42.1976 1
138.898 -13.7228 58.9413 1
133.937 -0.362203 -20.6657 0
132.909 -53.5669 42.5579 0
134.424 -50.0362 37.1821 1
134.526 24.7457 -23.7204 0
138.055 12.1553 51.7566 1
133.139 -40.0331 -54.2584 0
137.365 20.8352 -36.0287 0
132.13 47.2323 -21.0751 1
137.011 -26.9264 51.778 0
138.265 4.70573 35.3386 1
133.032 -45.0215 56.8398 0
136.04 -25.1649 -13.2703 0
128.811 -56.1577 -54.6642 0
131.283 -55.3593 -58.2328 0
134.306 -51.7311 55.8865 0
133.742 -52.5026 -45.7427 0
135.425 -47.2977 -51.8948 1
135.736 18.762 46.6568 0
137.876 -21.95 -16.653 0
131.454 57.2803 54.3257 0
135.707 10.2147 2.07708 0
132.881 22.6075 5.66762 1
135.654 54.5224 -18.4616 1
137.6 13.1949 -30.9633 1
137.819 -48.0755 31.5921 0
130.888 45.5677 -52.0858 0
134.195 -10.8977 -15.9464 0
133.024 54.8917 -46.9813 0
136.148 37.3529 -28.9378 0
139.521 19.5993 53.062 1
135.26 57.1342 58.4401 0
137.185 -29.1223 39.2485 0
137.781 -4.04839 -31.7291 0
139.669 -17.7832 -25.6572 0
140.327 3.9911 -31.0415 0
135.62 41.2296 53.4753 0
139.021 8.45547 -26.4635 1
136.38 48.8512 -14.8469 1
139.161 -34.4399 -43.7742 1
138.838 -52.9949 22.2113 1
140.409 20.6789 -32.3947 1
136.138 -56.359 54.394 1
137.168 27.0266 17.1647 1
137.654 -49.0929 -47.8485 0
137.155 55.304 -46.2116 0
136.458 -57.0363 42.3488 1
137.091 3.01707 11.0809 0
136.413 20.9499 -9.01736 0
139.688 -27.5648 -55.7268 0
136.67 49.3741 -33.252 0
140.289 -20.3 -45.4287 0
136.401 31.4447 -17.3035 0
136.379 33.9657 39.728 0
141.943 -19.7571 -36.3949 0
139.456 -57.8727 -16.4266 0
142.639 -14.3341 -47.0103 0
137.12 44.1991 -40.5659 1
139.898 53.9406 -21.7712 0
140.878 -36.2912 -50.2136 0
139.232 -8.63848 40.6401 0
143.778 -5.83962 -54.5887 0
141.291 3.306 42.6853 0
139.696 11.9769 5.78299 0
134.067 40.572 -56.5103 1
136.391 46.0468 -55.1203 0
140.654 51.5155 12.276 0
137.69 48.4999 1.75146 1
137.193 29.4049 -47.7741 0
139.85 30.6098 -47.7494 0
137.326 53.5919 -52.8936 1
142.991 5.02877 -37.8904 0
139.743 -41.0875 -30.3547 0
140.782 -47.7725 -23.7515 0
140.408 31.1724 -39.0787 0
143.327 -4.83192 -39.7705 0
142.934 9.93334 -49.3981 0
140.536 53.6364 -47.1205 1
142.007 -58.7443 -32.4537 0
142.92 -39.4214 -33.9316 0
136.014 24.2965 -3.44054 1
131.669 33.5804 -4.66554 1
143.515 18.7391 -40.342 0
146.89 -0.523342 -41.4335 1
138.365 29.061 55.8849 0
139.268 -53.402 33.6725 1
135.947 29.769 4.97079 0
142.181 11.1227 57.3342 1
138.106 -2.67298 23.7483 0
139.203 -5.1412 34.6117 1
145.697 13.4374 -48.4282 1
140.087 -56.0638 1.2984 0
136.316 -2.56736 -9.23614 0
136.616 -8.47993 -4.56162 0
137.937 22.0778 35.1671 0
143.554 -52.708 -37.4039 0
139.82 16.8018 -0.708983 1
138.92 -19.0489 -3.89479 0
137.915 22.0565 43.6675 1
137.806 37.6063 -15.7441 1
143.222 -26.4696 -54.9164 0
139.141 -32.2941 48.1623 0
139.392 -48.0494 42.7881 0
144.402 -46.8489 -34.6831 1
140.428 -2.72753 -0.604619 0
143.657 -6.83931 44.3627 0
141.396 -36.8221 43.6379 0
143.197 -34.5286 48.2779 0
146.521 3.69771 -58.3536 0
138.291 -18.6594 16.3177 0
142.05 15.2553 10.0388 0
141.982 3.84419 10.0166 0
140.27 -7.68994 20.824 0
136.717 36.0576 8.71758 1
142.265 -17.1102 49.9991 0
140.759 17.257 18.9139 0
143.161 54.8139 -35.0457 0
143.154 6.52809 41.7364 1
142.038 -10.504 -24.1633 0
138.088 -50.0691 48.6609 1
141.593 -14.1232 14.5325 0
140.361 -18.549 -9.58532 1
143.924 -13.6922 39.0938 0
144.276 5.92545 48.4524 0
140.74 -23.006 30.6002 0
142.365 -24.3398 39.7505 1
140.293 46.1489 -16.6328 0
141.95 -33.147 32.7164 0
142.258 -51.2921 28.7621 0
141.364 13.5056 -9.34287 0
141.691 11.2089 36.0939 1
141.004 19.4023 35.514 0
141.888 16.14 25.3719 0
141.488 -39.5995 23.7788 0
142.34 58.3834 29.3548 0
140.95 12.9593 -17.6022 0
143.916 20.4216 59.5296 0
145.057 3.28931 32.2907 0
143.393 -32.0011 21.2241 0
145.769 -43.6398 34.4684 0
140.409 -37.3794 5.91776 0
140.742 -58.9236 46.3699 0
138.815 43.1813 46.5499 0
140.444 7.84061 -18.8528 1
144.644 1.4909 23.624 0
145.569 -9.58034 27.2403 0
145.341 4.34926 10.1206 0
143.06 -17.5613 -13.7254 0
143.887 -13.5185 10.8696 0
143.921 17.876 46.4996 1
147.612 2.76125 21.7793 1
144.085 -14.9128 -19.1273 1
144.483 -4.983 0.556109 0
140.066 -48.7129 13.4935 1
147.928 10.2042 20.5033 0
143.466 0.524858 -18.1648 0
147.512 -1.95042 31.4047 1
140.7 32.642 55.6786 1
147.665 11.0414 39.8026 0
143.771 25.2873 38.8534 0
147.396 17.2637 48.4202 0
144.574 -49.2146 -23.6672 1
140.532 29.7482 22.8533 1
143.05 -25.0463 57.1564 1
140.449 39.8591 53.1557 1
141.768 21.5443 -15.7302 0
146.333 -23.0744 -37.771 0
145.76 -14.7862 -6.8159 0
146.404 -19.5599 30.1537 1
146.33 -29.4201 -59.5203 0
146.023 -27.9504 34.826 1
147.725 -16.6547 36.3529 1
141.728 42.6416 40.1489 0
147.451 20.8053 55.8584 0
142.549 51.5662 34.6164 0
147.669 27.862 49.9004 0
147.695 -13.3049 -48.4033 0
146.258 -7.78656 -16.5435 0
142.857 -43.9751 58.967 0
147.612 -9.92761 10.0999 0
146.785 -8.43367 -55.5613 1
143.179 46.1617 30.329 0
149.173 -9.2538 28.2343 1
143.266 -25.4427 12.7798 0
141.924 42.7526 56.4035 0
143.558 51.8946 47.1795 0
144.316 -31.7197 8.97566 0
144.321 53.0551 52.1085 0
145.113 37.5184 39.6504 0
146.872 -17.4426 1.05136 0
146.115 -24.9764 -3.38344 0
144.504 15.506 -22.742 0
145.852 -20.2708 50.4811 1
148.165 -21.3979 42.2016 1
146.672 27.1435 35.1965 0
147.675 34.378 38.1518 1
141.278 41.2149 20.2098 0
143.012 -43.6572 -3.3201 0
145.707 45.2005 27.9339 0
149.378 42.6839 37.8805 1
144.242 -48.172 12.5727 0
143.582 44.483 -57.6697 0
143.992 -34.3519 -11.23 0
145.518 -27.3368 -20.2562 0
145.825 -34.7745 -23.7232 0
140.142 58.3229 -56.865 1
147.993 -36.8573 25.065 0
142.89 -46.5982 -47.8545 0
143.373 32.0824 -57.6495 1
145.288 52.4027 57.2699 0
143.769 -53.5399 16.8978 1
145.049 59.6007 -46.4851 0
148.473 -27.3377 19.522 0
141.168 25.0577 -2.10192 0
145.708 -51.1292 -52.3499 0
147.488 -45.0806 -42.5433 0
148.426 -33.493 9.43124 1
141.489 25.1474 -10.264 1
140.902 32.3383 -3.84179 0
150.445 -19.4094 18.7696 0
144.638 -52.6598 54.6339 0
147.385 -56.1654 -59.1018 1
142.161 49.5032 -42.5823 1
147.215 -45.2547 52.2453 0
145.422 -44.7235 -9.75585 0
148.502 58.7584 43.543 0
142.408 58.8017 -9.92594 0
144.747 47.992 -41.2049 0
146.689 47.6375 -54.4943 0
149.947 -22.0071 0.117448 0
149.858 -3.18168 4.46652 0
148.801 21.4074 -58.8676 0
150.858 -47.7213 -46.211 0
147.985 40.7299 -54.0244 0
142.5 38.9601 -35.3138 0
149.953 -55.6982 54.7451 0
143.557 40.742 -28.3533 0
148.057 50.7476 -47.282 1
149.193 -40.0762 -55.8593 0
146.567 42.427 -33.4379 0
150.351 -38.7796 56.1596 0
146.35 30.1707 -44.0234 0
149.529 -33.5978 -38.9733 0
144.31 34.1601 -27.1965 0
148.033 18.3853 -34.7586 0
151.307 16.0599 -56.5459 0
149.769 59.4439 -47.9199 1
150.485 -22.6921 32.3763 1
151.046 19.5347 -52.708 0
150.662 -27.7033 -54.665 0
149.844 29.1498 -47.5223 0
146.375 10.3271 -35.8689 1
143.138 53.2055 -17.0273 1
149.238 -24.6713 -35.5745 0
149.185 -26.7075 -22.9455 0
147.579 -55.1725 32.197 0
148.077 -5.09069 -23.4594 0
147.557 7.99557 -5.82906 0
149.844 -39.6124 -32.4019 1
148.278 -42.2609 38.2249 1
147.595 3.23307 -20.7603 1
149.849 -35.709 -16.5422 0
144.086 54.4041 11.6239 1
143.078 25.5605 -25.125 1
149.959 -2.15825 -5.05149 0
140.943 32.2802 -14.7193 1
149.534 -31.57 43.7709 0
143.867 41.0084 -18.3581 1
148.662 -49.3762 -22.5083 0
149.14 -26.1777 53.3757 0
145.158 32.4269 -15.8142 0
150.729 -25.7409 49.1328 1
150.212 -12.4834 -31.083 0
151.322 -56.6302 45.4882 0
149.03 24.3144 -24.0539 0
144.882 -51.5093 3.14991 0
142.774 45.3192 -9.40677 0
150.854 31.8298 -58.0758 0
148.988 33.483 48.4944 1
145.011 57.3204 -3.47997 0
148.1 22.6855 -13.4825 0
150.387 6.76702 -19.8635 0
149.212 6.40233 -33.5569 0
148.753 -46.68 15.5602 0
151.173 6.97615 -52.8719 0
150.552 13.097 31.2638 0
150.231 -43.5073 -10.021 0
141.265 39.3978 6.90164 0
142.672 31.3842 3.86589 0
151.366 13.9811 -35.1264 1
151.236 -15.5139 58.5893 0
144.518 40.8412 15.3565 0
145.819 35.9927 -4.10971 0
145.366 35.2299 13.1166 0
150.604 -1.06408 57.3752 0
146.689 26.7392 8.28871 0
150.241 2.41261 51.1255 1
148.249 49.1725 23.6981 0
146.93 28.2822 12.6997 1
149.74 -34.4027 33.2732 1
148.006 53.8553 16.9064 0
150.769 -49.4989 31.8254 1
149.372 -58.5628 29.1699 1
150.318 -4.11135 43.1863 0
150.361 57.4114 18.3028 0
150.766 -52.201 16.8161 0
149.564 -55.7866 4.48242 0
148.857 53.7307 1.31233 0
151.268 47.0783 -37.3409 0
150.014 41.7181 5.77941 0
149.765 30.2553 -12.1279 0
148.412 57.4976 -24.3526 0
151.02 -54.7019 -23.9566 0
150.764 57.0099 -16.8254 0
149.122 49.6041 -13.3074 0
150.613 18.9027 1.6572 0
149.872 21.153 9.99438 0
150.365 -37.926 7.5875 0
146.572 26.5373 18.4683 1
150.415 -32.3851 1.10431 1
149.461 36.6341 21.8851 0
28.8544 -60.5581 -15.0669 0
34.0858 -60.5432 56.1642 0
35.9718 -60.7989 -41.7744 1
45.3503 -61.7586 -32.2033 1
48.1678 -60.1253 -13.0275 0
49.4099 -60.4117 -33.3051 0
44.0107 -60.213 -54.7122 1
42.4663 -60.3432 30.6383 0
52.4591 -60.5414 -35.4339 1
61.8493 -61.4112 -4.36088 0
66.2342 -62.1723 -4.01787 0
66.2821 -60.1888 31.3243 0
73.684 -61.7396 50.8311 0
76.0039 -60.7665 30.4824 0
75.1957 -61.2301 17.946 0
77.6267 -61.2142 7.072 0
76.3989 -62.0338 -46.1802 0
82.0236 -62.1288 4.9992 0
80.7218 -60.3129 32.53 0
82.257 -61.213 40.2816 0
100.05 -60.5655 50.7364 0
95.9753 -61.2066 13.4613 0
103.768 -61.0623 48.874 0
101.455 -61.0029 11.8701 0
96.0356 -61.0736 -34.4589 1
98.8953 -60.8962 -51.5213 1
106.23 -61.0353 -59.243 0
105.657 -61.6829 20.1071 0
110.234 -60.1356 -54.3284 0
114.36 -60.1983 -6.03587 0
112.984 -61.3134 -49.424 0
119.035 -61.3253 24.8156 0
122.434 -60.4501 20.3032 0
125.577 -60.8017 16.1896 0
129.503 -61.3436 -28.6529 0
134.512 -61.6101 16.8856 0
131.13 -61.3195 -3.38072 0
133.797 -60.2189 -29.283 0
136.311 -61.0148 0.0871313 0
135.861 -60.8497 -25.3191 0
142.34 -61.6166 29.3548 0
140.142 -61.6771 -56.865 1
145.049 -60.3993 -46.4851 0
148.502 -61.2416 43.543 0
142.408 -61.1983 -9.92594 0
149.769 -60.5561 -47.9199 1
26.6548 62.2098 -54.1283 0
27.8498 60.8834 44.7099 1
29.0091 61.2314 1.94551 0
32.0023 61.8228 44.2703 0
29.5349 61.0689 16.3602 1
30.4688 60.9426 -28.2976 1
32.7074 61.4487 -34.7099 0
35.9313 61.8635 29.9614 0
44.0481 60.4559 -43.7707 1
48.4601 62.227 -1.74147 0
49.6576 61.0622 7.66207 0
54.1573 61.4193 10.4815 0
53.7715 60.8837 20.5874 0
58.3968 62.0627 -25.0418 0
50.1649 62.2431 -58.2978 0
64.2819 60.5875 6.07698 0
66.3034 61.8065 19.2378 0
62.8682 62.3756 46.2473 0
70.0107 62.2113 14.752 0
69.5972 60.6958 -11.1634 0
72.0638 60.8932 2.78449 0
76.4982 61.0005 -20.7616 0
78.2661 62.2297 -52.1992 0
80.4674 61.5474 -21.7816 1
83.4737 62.2238 27.4691 0
87.0724 61.3735 43.9613 0
84.2184 60.8968 -3.60322 1
89.0096 60.2989 -36.8344 1
87.3275 60.2507 -46.269 1
91.1179 60.5116 -53.5396 1
94.9541 61.097 34.8706 1
89.9313 60.01 -11.4859 0
93.1749 60.5185 2.35574 0
96.7238 61.4304 -0.337991 1
94.6168 62.2201 -21.904 1
97.7308 61.1301 -14.1806 0
102.325 61.6193 -42.2709 1
103.098 60.1435 -20.0897 0
100.53 61.8023 -3.4452 0
108.755 60.9338 27.2223 0
108.924 61.8091 -34.7452 0
109.716 61.6804 39.4428 0
112.522 60.6195 42.8239 0
110.952 61.7012 -16.0321 0
111.274 61.3617 -27.5116 0
109.301 60.8693 -2.26463 0
115.1 60.1123 -31.6543 0
118.856 60.6026 -40.6592 0
119.334 60.9907 56.3773 0
123.195 61.3783 5.57343 1
127.515 61.65 18.9156 1
129.385 60.8233 2.31487 0
124.893 62.404 46.366 0
139.456 62.1273 -16.4266 0
142.007 61.2557 -32.4537 0
140.742 61.0764 46.3699 0
149.372 61.4372 29.1699 1
31.2967 -55.8699 -60.932 0
34.1289 28.4579 -60.5052 0
38.0982 49.1337 -61.0468 0
38.3447 -15.6327 -61.6704 1
42.2236 7.01381 -60.7044 1
43.7264 36.6328 -60.9334 1
44.9714 -37.5777 -61.4532 0
51.894 -8.364 -61.7961 0
50.3444 51.5674 -60.8852 0
55.5686 10.8384 -61.1943 1
52.4347 31.0411 -62.012 0
55.6726 -15.6097 -60.7291 0
59.4703 -47.1074 -62.1648 0
60.1806 18.3158 -60.2817 0
77.9573 19.5708 -62.1487 0
78.485 52.9157 -60.7517 0
75.4781 -17.0521 -61.5999 0
82.6297 -41.7587 -61.5366 0
84.6606 52.5734 -62.1231 0
81.7448 -50.3848 -61.6563 0
86.3899 -54.3952 -60.4479 0
90.1273 -52.3551 -60.9799 0
92.1819 -40.9768 -60.7083 1
94.0603 28.407 -61.0976 0
95.5666 43.9885 -62.0991 0
98.306 -56.3073 -62.3271 0
96.4286 5.95175 -60.7204 0
99.8618 -23.7124 -60.0909 0
102.21 6.71833 -60.4149 1
106.555 7.51875 -60.0785 0
108.841 27.4445 -60.2905 1
116.862 45.5604 -61.2416 0
112.525 13.4577 -60.294 0
112.949 -38.0732 -62.2336 1
120.337 31.4179 -60.501 0
117.401 -40.9891 -60.5756 1
123.148 49.8752 -60.5787 0
126.665 -24.6497 -60.0903 1
134.614 -3.24497 -62.3612 0
130.543 39.4768 -61.5904 0
141.201 2.66802 -60.0439 0
138.898 -13.7228 -61.0587 1
135.26 57.1342 -61.5599 0
143.916 20.4216 -60.4704 0
142.857 -43.9751 -61.033 0
151.236 -15.5139 -61.4107 0
26.6288 -11.5199 60.2139 0
29.2945 -14.07 60.1541 1
27.1823 35.3467 61.3047 0
29.4679 -47.8728 60.7359 0
28.8484 51.1095 62.0004 0
33.1732 44.8414 60.6388 0
31.3645 17.8923 62.2611 0
32.5697 -0.13286 62.0637 1
34.3191 -9.24417 62.0215 1
36.2556 14.5603 60.7181 0
40.3488 35.0465 60.0828 0
42.1827 25.7666 60.9919 0
44.8409 9.38343 61.0346 0
44.7693 -20.5253 61.8834 0
52.1617 11.2175 60.9723 0
50.1649 -57.7569 61.7022 0
54.0811 -53.5618 61.561 0
58.5048 -36.11 61.0774 0
59.3975 42.5987 62.0709 0
61.9122 41.7706 60.5098 0
66.2143 -26.2377 60.4769 1
65.0635 33.9472 60.2241 0
68.9931 57.301 61.9756 0
66.2345 -14.9862 61.3098 1
76.0222 51.4027 62.2836 1
77.6243 1.94665 61.011 0
75.9101 -56.4531 62.092 1
81.5445 20.6179 60.6764 0
84.5693 41.0743 60.5458 0
80.3086 -12.3728 60.2794 0
85.2313 -12.7355 62.3773 0
90.5844 17.1662 61.038 1
96.838 49.2268 61.0535 1
94.0443 -21.0508 61.2595 1
98.915 31.8 60.6754 0
103.39 -26.5179 60.0659 0
97.1372 -11.3354 62.1294 0
104.239 38.7753 62.038 0
101.514 56.0959 60.7702 0
104.339 -4.42346 60.903 0
104.586 -17.3932 61.9003 0
106.23 58.9647 60.757 0
106.952 -45.7947 60.9114 0
115.209 47.4145 61.8795 0
114.822 -14.7579 62.0424 0
121.338 -46.2483 62.1317 0
124.802 -14.1083 61.4873 1
124.316 -38.0579 61.1931 0
130.438 -17.3226 61.5571 0
134.694 -13.7208 60.0737 0
131.283 -55.3593 61.7672 0
146.521 3.69771 61.6464 0
146.33 -29.4201 60.4797 0
143.582 44.483 62.3303 0
143.373 32.0824 62.3505 1
147.385 -56.1654 60.8982 1
148.801 21.4074 61.1324 0
150.854 31.8298 61.9242 0
106.23 -61.0353 60.757 0
50.1649 62.2431 61.7022 0
