47.3662 29.0727 25.1815 0
47.0868 41.5166 27.3771 0
47.8208 37.543 10.5459 1
50.1759 1.71698 21.8721 0
46.6636 17.8546 -16.8903 0
48.3517 32.2215 2.83702 0
47.6109 -9.0247 41.8285 0
49.9477 -11.9168 31.8624 0
47.9728 20.1915 29.7043 0
48.0941 24.6325 23.5166 1
47.1133 17.1586 13.6584 0
47.6138 21.1463 8.24317 0
48.4386 -8.31532 54.2384 0
48.6359 17.7574 -0.339662 0
47.1525 11.589 50.1604 0
49.423 31.3644 46.4506 0
49.6067 13.1538 32.1971 0
51.9454 20.9771 9.1844 0
48.6257 24.722 53.2747 0
46.6202 -2.80246 5.1051 0
50.6489 6.43537 38.9445 0
51.2562 11.1458 48.0427 0
47.5766 47.6133 21.095 0
47.5197 1.42037 -44.5869 0
50.9409 22.4041 -13.0913 0
51.9609 24.9126 -6.52296 1
48.4161 5.21255 -5.95062 0
49.5114 -12.8259 6.63418 0
52.5235 1.17565 45.0478 0
48.4107 41.6619 40.0782 1
47.1561 -10.5289 -38.9344 0
47.8372 12.5848 -35.3112 0
48.9172 -5.82161 -4.41778 0
47.1491 -38.2216 3.43804 0
53.1394 5.45059 -3.56118 0
47.5562 -11.198 -25.9865 0
50.7879 14.4244 -20.4918 0
49.138 -15.4394 -35.9529 0
51.8664 -11.7438 -38.4896 0
46.9235 -44.6388 1.24962 1
53.7102 -7.2926 -1.1432 0
49.5555 -14.306 -54.2605 0
53.6454 -0.46056 23.7319 0
46.7396 21.6036 -44.0956 0
48.1729 49.3971 41.0395 0
48.722 57.135 39.2812 0
55.5669 -2.04427 8.7557 0
47.3215 44.9699 55.1439 1
50.5986 48.4028 35.4072 1
55.4981 6.19031 12.7899 0
51.9923 9.07405 -24.4645 0
50.2283 17.5012 -34.6376 0
54.4894 16.679 37.3072 0
54.2126 -11.6515 35.8846 0
48.3598 -37.5165 -17.5978 0
47.7701 16.6125 -53.6153 1
48.7205 -27.929 -2.68034 0
48.2966 28.1979 -44.2554 0
55.5372 -1.43487 47.711 0
49.2055 26.3014 59.8936 0
47.513 41.6908 -42.4376 0
49.5285 -38.8222 -22.2854 0
52.0765 -6.19356 -57.6909 0
53.6378 -10.0061 -30.1975 0
50.6748 -23.6489 -22.3185 0
50.477 29.7969 -48.1336 0
51.7064 32.5718 -52.2082 0
51.1773 40.705 54.6648 0
53.8827 1.62792 -34.712 0
47.8718 49.2812 -9.16104 0
54.1129 2.08867 29.4892 1
53.601 39.1136 -53.0488 0
54.7103 0.339652 -55.6141 0
46.7976 -45.3656 20.863 0
55.3713 21.6935 56.089 0
56.3962 11.7224 50.7148 0
47.6363 -59.1576 18.7463 0
59.4436 7.5985 51.894 0
58.2855 19.0738 40.6586 0
50.182 49.1905 21.5384 0
54.7622 15.2135 -53.0049 0
56.8612 21.1084 -48.3136 0
48.3682 -51.3497 30.3011 0
51.4639 39.1065 -6.81794 0
52.1121 59.2847 23.9675 1
60.6504 3.84161 41.0868 0
57.7734 -1.4979 -51.4821 0
51.1605 -39.4604 4.03169 1
60.8449 13.673 -55.8195 0
48.2121 57.3377 9.00391 0
54.0374 33.4099 -41.9694 0
47.9287 -35.4531 27.5819 0
50.5003 38.392 -34.9616 0
52.9056 33.4768 35.5694 1
58.1609 3.65808 -44.2713 0
47.0052 -47.6747 -57.6235 0
62.2155 19.9752 58.9023 0
46.7522 -58.9258 -4.3441 0
48.6697 -59.675 -46.2811 0
52.5392 42.1908 3.10889 0
50.7704 56.0987 -6.22767 1
56.9667 1.78151 -35.3931 1
53.1637 26.0461 -26.2072 0
48.6439 -27.6288 42.2798 0
50.4867 -32.7242 51.6141 0
51.6186 -20.8746 -56.8892 0
51.2004 -34.8022 43.0985 1
47.2016 -50.2114 -14.3756 1
59.7243 31.0548 -56.29 1
48.5561 -44.4515 38.5348 1
58.3295 25.275 -37.7089 0
46.8141 -39.0884 -49.471 0
53.6562 38.3886 56.434 1
47.4527 50.6887 -44.1719 1
51.1318 -58.6906 -49.6461 0
50.4357 57.4312 -41.7648 1
50.6174 47.1984 -18.1139 0
49.5405 -52.5035 -16.8801 0
52.6623 54.4515 52.0615 0
56.8283 41.8709 -50.3496 1
50.6728 51.4143 -32.1056 0
52.3798 59.7628 11.169 0
54.421 55.0879 -5.82407 0
50.9287 -47.8782 50.1923 0
54.3591 37.1666 -18.4229 0
55.4552 37.6106 -32.9011 0
52.6926 -52.3888 8.74185 0
54.3238 53.0782 56.6524 0
60.7298 27.1271 -45.1832 1
49.5956 -51.39 -29.556 0
60.3717 -8.58659 -48.956 0
56.7021 25.7046 -18.4453 0
53.8513 41.0471 -25.1988 1
48.1664 -35.9151 -44.0795 0
48.44 -33.9056 -38.0649 1
49.8966 -36.4346 -28.3051 1
52.6718 -48.2781 30.636 0
52.2723 56.5869 45.795 1
51.1873 -27.8909 -50.1836 1
54.0089 -55.2214 32.0274 0
54.3106 -46.6525 55.638 0
57.3234 -5.93015 23.4516 0
54.4781 58.9398 40.5419 0
57.7315 -18.9081 -52.8645 0
50.3961 -33.3881 28.4301 0
52.5065 -33.1646 21.7837 0
52.5083 -36.4305 -39.438 0
57.2057 42.9993 -27.8265 0
59.1957 42.3358 -25.3899 0
53.7115 -24.9895 33.546 0
53.7643 51.8216 -56.2466 1
53.7711 -58.5058 -19.1257 0
58.45 11.2427 -31.3477 0
54.994 -20.993 53.0019 0
53.2533 -58.3288 -31.289 0
55.8572 -38.6412 55.5697 0
52.6273 -57.3055 -23.351 1
53.9786 -36.1064 -53.2953 0
57.6219 -16.1183 57.7848 1
57.1353 46.3204 -56.6602 1
62.7051 4.51364 -47.1638 0
58.1137 -55.2744 39.1523 0
58.0129 58.2749 37.1848 1
61.6675 -5.26442 56.4631 0
58.5186 -44.5085 52.3814 0
58.9453 -15.0423 47.8487 0
53.7398 -56.0018 -44.626 0
59.6333 -9.45321 39.6381 0
60.3537 -11.668 34.2462 0
61.1925 -19.8429 41.4829 0
58.0598 -51.8058 43.1602 1
63.9619 -6.4588 -45.71 1
52.765 29.7378 21.0401 1
63.2491 -7.14394 58.7175 1
51.2429 -4.04797 -14.6281 1
57.524 -55.3745 -31.5142 0
49.8806 -13.6295 -17.753 1
62.4375 4.82448 27.6239 0
63.5969 18.972 49.6764 0
56.1038 -30.8805 26.987 0
56.5941 -40.9682 21.0351 0
51.7299 41.4577 18.6419 1
59.4563 -21.7518 27.0975 0
55.8672 -50.1249 12.3121 0
62.7402 -5.60767 26.2136 0
64.0778 23.2549 -38.9186 0
59.6682 -3.47724 12.5103 0
59.799 -48.6302 17.7344 0
64.4592 2.16958 22.3369 1
58.7766 -18.2577 19.1383 0
57.1205 -21.1999 14.8083 0
59.0825 58.7675 20.0265 0
66.16 0.0689683 48.1626 0
55.8509 49.6277 19.4596 1
57.0332 -44.0445 -50.4241 0
57.6639 -54.7317 -48.0331 0
56.808 -37.8619 -42.5825 0
53.336 -20.0068 -1.79581 0
60.2583 16.4522 30.7603 0
56.271 -5.23249 -19.8644 0
59.4777 59.9678 55.8837 0
60.6046 -39.6394 19.3405 1
58.1466 11.8232 11.7669 0
61.0604 17.9177 -29.5307 1
58.3906 -19.6876 4.66609 0
58.1103 -16.1499 -36.5991 0
66.6196 -1.15411 -55.751 1
56.0442 58.431 3.57003 0
54.9489 -21.7476 -6.39885 0
56.4017 -6.81236 -14.4679 0
67.8804 -3.48472 30.6213 0
57.8482 -14.1428 -10.5346 0
65.3558 13.7775 -44.9754 0
55.3782 19.8261 26.6169 1
67.2903 -5.47332 19.5475 0
59.4343 -54.8495 58.2831 1
57.1494 -24.5951 -48.5813 1
55.1042 11.4828 -2.14987 1
64.0468 -17.113 -55.0462 0
60.3318 7.39202 -26.5288 0
60.3231 -57.4685 5.30509 0
57.8133 16.1751 -0.874651 0
54.627 -27.3703 -24.0481 0
53.7381 -33.3681 0.205529 0
67.3187 -9.54655 -54.7536 1
57.5728 -32.19 7.10293 0
60.4385 4.90841 -21.4791 1
57.7167 49.0851 30.7619 0
60.7986 -37.7226 12.1028 0
59.9679 13.336 -13.3368 0
58.2517 -12.8411 -15.0705 1
61.0369 -29.2667 58.5555 0
61.1029 -36.4478 5.22136 0
61.7081 5.17967 -9.56943 1
59.9602 -1.15285 -3.9705 1
59.745 57.5859 -44.5951 0
63.4506 -27.0448 9.71964 0
57.8443 44.2577 26.7811 0
59.4759 -11.1167 -3.78521 1
58.8757 -42.3771 40.3669 0
61.1642 -37.0585 42.6044 0
61.6911 0.805597 5.46765 1
57.9056 22.036 18.1705 0
57.2565 -27.3999 -32.3266 0
57.1737 -22.3972 -34.2611 1
62.2153 -13.8477 -1.73914 0
68.1045 8.81264 60.0638 0
59.6204 -28.0551 -14.0846 0
62.786 -32.4349 -2.24461 1
64.2863 -46.5034 46.4137 0
60.2568 -11.8798 -22.6716 1
58.3164 20.4537 -4.05318 1
64.7054 -24.9961 -1.07997 1
61.9768 22.9792 30.5894 0
62.9958 -17.9706 3.67469 1
65.9322 -8.84096 0.890814 0
62.2014 -20.7503 -20.4899 0
68.477 -4.84087 -49.7363 1
63.3116 8.2908 3.71961 0
60.6578 -41.3181 -40.2672 0
67.3556 1.26673 11.2277 0
58.2814 32.4971 21.4558 0
58.0842 54.9359 -7.46275 0
56.4414 38.9244 12.1395 0
58.4616 55.3185 -16.1614 1
63.3765 24.0282 23.051 0
60.3465 -45.9619 0.496134 0
60.1241 -45.7051 -45.9818 1
56.4679 -51.5906 -10.4954 0
67.554 2.38149 -46.0224 1
57.9389 -50.1168 -21.8801 0
59.4938 -47.1014 -8.98233 0
59.8755 -36.5567 -9.29903 1
63.6434 -54.7952 34.1259 0
65.3516 22.2343 39.5999 0
63.4138 -47.7468 -11.3731 0
57.6119 41.2301 0.354271 0
63.1433 -48.7992 -39.8807 1
62.062 -59.717 -28.2192 0
61.4918 -45.0501 -24.7466 0
69.1598 13.2122 58.3569 1
64.0777 -58.7868 17.9174 0
57.1735 43.0748 41.9337 0
62.4588 -32.5783 -27.8104 0
62.3796 22.0407 -16.6771 0
60.9187 31.5575 -10.7528 0
67.9146 7.11644 15.9422 0
60.1582 49.5153 40.8346 1
63.7179 19.456 8.23076 0
65.1108 -30.4827 -8.53973 0
67.0721 -46.7998 -0.617717 0
60.2804 36.3148 2.73625 0
65.8865 -37.4858 -15.14 0
63.0402 -29.423 -47.2959 0
66.3098 18.1054 5.99289 1
68.0309 10.0418 2.74071 0
62.2083 45.1408 -3.25212 0
64.8071 -35.7943 -27.6022 0
64.5267 29.889 1.13554 0
65.5159 5.66615 -3.93552 1
60.7689 34.4026 6.16037 1
68.1693 -33.6553 -25.1522 1
62.7054 49.1478 -13.2862 0
68.7045 -47.9437 -7.45534 0
69.2229 -40.1946 -23.8274 0
63.7907 -58.2317 -10.2706 1
62.0805 29.8778 10.1654 1
63.6144 -58.1564 -51.0004 0
66.0603 44.0985 -13.3678 0
62.5872 42.2345 -27.03 1
62.3799 56.5805 -57.86 0
63.6159 -26.7661 38.5277 0
63.5594 28.4255 40.8833 0
70.38 9.46888 51.3191 0
71.1362 6.99971 -48.1959 0
64.8277 32.2454 -26.1818 0
63.2919 34.0261 22.345 0
66.8867 54.4768 -19.7808 0
68.1475 -48.8099 -27.2997 0
67.5595 33.2142 -10.0874 0
63.6683 40.4842 20.6513 0
65.3953 53.3029 25.2655 0
66.1094 23.881 -20.2573 0
63.3731 35.606 34.1176 1
64.5429 1.62295 -31.2183 0
65.5312 49.1252 34.1092 0
70.1977 -3.70176 51.9822 0
66.0444 -55.6487 -53.2926 0
66.3935 -59.0242 5.45888 0
65.1824 -41.5949 -40.5613 1
70.4067 -57.457 -7.73039 0
68.2538 38.8118 0.0342263 0
73.3785 -48.7504 -18.2596 0
71.5814 -53.4044 1.55467 0
69.4692 56.0602 -9.37485 1
68.1221 38.4587 10.8774 0
68.5401 22.7123 -37.5295 0
72.586 11.1748 -54.209 1
66.4248 60.0358 -33.0734 0
70.7433 -45.2402 -32.9729 1
69.4551 51.3539 -23.3211 0
68.2463 23.6626 20.8355 0
75.5949 -51.4332 -6.88189 1
68.269 -21.8618 -6.14545 0
60.196 29.8296 47.9656 1
63.4991 46.8032 -41.1944 0
67.7705 -16.8304 -5.79439 1
68.6323 -56.0921 -42.0595 0
58.6459 33.5919 54.186 1
61.8776 43.1046 -48.7426 0
73.6414 -37.2254 -7.16353 0
65.4075 -23.2812 46.3275 0
64.1128 -10.8885 -28.5189 0
64.6447 -16.4587 32.8422 1
67.04 -27.8922 39.3234 0
65.1338 -40.9335 31.5672 0
68.6825 -43.32 11.1612 0
69.5402 -54.3046 16.8453 0
67.4778 -42.2457 25.4042 0
64.4342 26.5018 51.0895 1
59.6818 37.5555 47.6591 1
66.4389 49.5727 -54.6013 0
68.8446 52.608 19.145 0
68.447 45.2042 -29.5481 0
69.4158 16.1129 -3.10223 0
70.1437 11.3596 26.8307 0
71.0598 54.1195 -35.0951 1
68.6579 -48.9419 36.9185 0
65.3569 34.102 -51.2275 0
73.1856 53.3016 -22.1523 0
66.9821 -4.39521 -21.8049 0
71.7018 18.5549 13.3695 0
70.7261 -56.1574 -50.8695 0
72.2855 -49.7646 24.1215 0
71.4242 16.0973 -59.4747 0
67.9297 22.7897 -51.0896 1
67.4585 27.4604 56.0478 0
68.4159 4.90679 -25.4539 0
72.212 4.11985 36.636 0
66.2743 -16.3992 -30.6728 0
74.4848 4.41151 48.5302 0
71.7007 27.6112 18.8102 0
67.459 -10.4278 -40.2128 0
71.1327 43.2754 6.73683 0
75.3361 -57.4612 -3.12735 0
69.3337 -12.9558 55.0652 0
73.7879 -41.4661 7.00178 0
67.7501 -23.8533 59.8269 0
69.7747 -15.3718 -44.8205 0
67.8466 -32.262 -43.6894 0
73.6382 -59.6003 25.7951 0
70.4211 -23.0701 -53.1014 1
68.2602 45.8066 34.9689 0
62.9317 46.231 53.6252 0
65.3664 50.7865 45.8612 0
73.1763 49.7067 16.331 0
70.2977 14.8365 -26.523 0
71.2849 -7.80974 30.9069 0
70.0155 23.2794 -18.8214 0
65.9889 37.7808 50.3473 1
71.9858 23.1831 -12.492 0
72.3078 46.4782 -25.4289 1
70.5002 51.6042 33.7649 1
75.0119 46.9166 17.6754 0
68.8041 30.9028 36.1085 0
68.5764 -19.6924 29.454 0
73.8892 -12.8602 52.3785 0
75.7185 48.3517 24.1585 1
68.719 -43.0823 47.5017 0
73.9026 24.7381 -2.37982 0
71.154 40.32 39.3665 0
75.4584 27.4596 21.313 0
70.9538 10.193 -11.7722 0
71.7734 35.9446 -20.3133 0
69.3787 34.45 45.0394 1
70.3898 57.7222 -55.7513 1
76.4405 -54.9724 -15.1506 0
71.6854 -10.4166 45.693 1
73.7755 28.3842 38.8402 0
73.6665 -18.5917 -59.1394 0
74.8531 -16.5642 48.6195 0
72.0493 47.3109 45.1699 0
74.9095 15.6122 35.0781 0
68.2572 -36.536 54.1701 0
69.7323 38.622 -38.6877 0
69.0869 -35.1203 -55.16 0
76.8949 3.0122 33.1556 0
74.9146 40.1062 39.5641 1
78.0584 -4.44411 35.2106 0
69.1929 32.597 57.7103 0
75.876 -15.6056 -54.0212 0
71.5993 29.2629 -53.8997 0
70.4921 -29.5055 -41.9038 0
72.9932 27.4685 -37.918 0
71.4986 -30.2776 -35.2461 0
74.5242 36.6 -37.9498 0
75.7196 -21.0602 -44.1526 0
71.214 47.2346 -49.5752 0
72.5621 35.9259 -55.9799 0
72.3435 -15.9084 -31.6157 0
77.523 38.9567 20.931 0
70.8945 -26.6889 -26.1483 1
73.0693 25.5822 -57.595 1
70.9863 -24.8045 -19.668 0
71.4456 -48.2336 56.6603 0
74.5923 -47.4701 -33.4222 0
70.1297 -43.8109 -53.075 0
74.2555 15.3789 -47.8163 0
68.2407 0.496737 -35.9158 1
76.1105 -3.27031 -47.4275 0
74.3632 3.15895 -34.2511 0
71.6306 0.170281 -42.9872 1
76.7627 -55.7027 22.7448 0
76.1309 44.5051 30.4362 0
74.9364 49.857 -45.5226 0
77.2229 39.8682 -44.224 0
72.4694 -46.0586 43.3831 0
74.2738 -54.0912 -34.1141 1
77.0434 42.2075 -52.7704 1
74.6344 10.3216 -24.2332 0
75.1899 -57.8224 -47.1159 0
74.8877 44.27 0.0922807 0
75.2418 -14.6145 32.2643 0
74.936 26.792 -23.9297 0
67.9411 -2.2536 -14.9907 1
72.3723 4.49541 -6.32964 0
71.5496 -22.6478 22.8241 0
76.1143 27.7765 10.346 1
77.7784 16.226 -29.5349 0
75.3884 -31.1215 -52.553 0
78.0408 25.1619 -11.4513 0
77.1982 -31.1755 54.2698 0
78.2817 49.8206 -47.2288 1
75.2764 24.7196 -29.3475 1
77.781 19.4493 31.1035 1
71.0303 -10.6725 3.27787 0
77.6927 40.0159 -20.6898 0
77.312 55.2818 -7.11385 0
77.2167 54.484 -20.4914 1
71.8288 -59.6269 46.6094 0
73.2494 50.6682 50.6599 0
75.6629 -45.6718 -59.7983 0
73.263 -27.8992 39.1986 0
70.8103 -18.2186 7.49825 0
72.9847 55.3771 55.1077 1
78.2052 6.03588 45.2212 0
78.6593 -42.1032 49.8838 0
78.4746 18.8813 41.8186 0
74.2322 -36.0987 31.6397 0
77.69 -22.8655 41.433 0
77.333 -30.1542 30.8157 0
80.6158 -14.4741 41.2858 0
78.667 59.7576 -53.3053 0
69.1197 -24.979 4.86233 1
77.0901 -36.3482 -41.114 0
72.7884 -33.7093 2.14834 1
79.3611 -25.2194 -47.7399 0
78.6412 33.0774 -3.60924 0
78.323 22.5504 -59.559 0
79.7615 45.1993 -34.2838 0
78.4728 51.434 1.46517 0
78.7273 16.2515 -55.1388 1
79.9651 26.7715 -23.546 0
75.7685 -4.91637 -29.303 0
77.2904 35.9761 5.04608 1
76.6411 59.7242 -34.35 1
76.1645 43.6536 59.3668 0
72.5337 -13.9075 12.8473 1
81.2804 54.9133 -6.72824 0
79.1704 8.17544 -18.4228 0
81.0093 9.74626 43.3821 0
72.5124 11.5462 9.93449 1
81.5432 42.142 -22.6652 0
74.7773 -15.9249 17.6633 0
81.4769 31.7325 -8.52513 1
75.2197 13.4933 4.43986 0
78.1874 16.0271 1.34799 1
78.1229 -46.9131 -23.9347 0
79.3702 32.8825 -35.9443 1
81.7704 47.5622 -21.7316 1
80.165 30.3025 6.45146 0
82.8402 19.381 -27.0942 0
71.5171 -7.00424 -9.92436 0
82.2393 18.9066 -35.8031 0
78.805 35.6314 56.7092 0
74.5749 -13.4472 -22.9961 0
75.9136 -29.2711 -24.3652 0
83.8944 11.1078 -33.0151 1
75.9353 43.7978 48.4907 1
76.18 -10.0792 -16.0804 0
81.0984 20.5691 7.77413 1
80.2964 34.5048 -46.8055 1
80.0817 -3.4587 -18.5239 0
75.0989 -34.8372 -10.1485 1
80.4084 -40.7984 -47.5268 0
83.1696 29.0904 -55.5744 1
81.7334 55.3687 -14.4035 1
81.4587 35.8538 18.9653 0
84.4779 50.4872 -6.44231 0
79.7201 -49.6094 -44.1388 0
85.1055 36.4099 -28.593 0
80.7383 22.2797 45.0448 0
75.1211 -4.57726 9.1724 0
78.7497 -57.0547 9.43747 0
80.2616 25.7293 -37.0778 1
77.0303 9.66268 19.6761 0
80.4974 32.4011 33.0658 0
85.1759 20.2008 -36.5084 1
80.0207 50.0923 34.1481 0
75.647 -22.7682 14.5454 0
72.5372 -33.1012 13.3252 1
77.5984 23.5529 18.6764 1
79.5985 -56.4376 34.9651 0
80.6798 -22.569 27.6668 0
78.6413 -23.0062 21.7381 1
77.452 -33.7023 20.7319 0
79.3325 -50.5437 45.6269 0
79.1709 -50.8535 22.267 0
81.3556 -56.6636 -48.3204 0
79.3703 -43.6498 6.99894 0
82.671 -24.1616 -44.3253 0
81.6491 -58.929 3.54118 1
75.6155 -22.5682 2.15392 0
78.5608 -59.1715 51.8673 1
83.6672 -37.4972 -46.7123 0
78.0442 -56.6109 -27.1716 1
78.9923 -29.4745 12.9911 0
79.5144 57.2787 -26.116 1
83.6194 1.34623 34.0691 0
82.4647 49.1335 16.7592 0
81.3466 29.5943 45.9734 0
79.6551 34.4791 45.5692 1
83.8831 -57.2148 -9.11946 1
81.6775 55.3837 44.0088 0
85.1115 24.1672 47.0295 0
82.6253 -52.3732 38.173 0
86.5174 23.1915 55.4514 0
82.2166 -24.9041 14.8818 1
82.1638 -37.7013 -32.3298 0
81.4198 26.6238 -48.5898 1
79.4726 55.225 58.6742 1
73.9857 -21.0396 -6.15666 1
83.6286 59.4635 52.175 0
84.986 55.7834 9.94717 0
77.7014 -5.09892 -2.47413 0
77.8051 -21.8888 -6.96704 0
80.0892 -23.3934 -30.643 0
83.2183 -33.5587 25.7263 0
79.7197 7.22109 5.66786 0
81.3401 3.61674 20.5684 0
82.214 -18.7665 -33.1967 0
83.9698 -30.9172 14.2926 0
83.6599 -16.0242 38.7676 0
83.8957 -5.13799 32.7638 1
80.2435 12.1658 9.41719 1
78.1042 -36.3508 -4.11618 1
79.7403 -14.9259 -7.25408 1
82.1734 -47.1167 25.4474 0
86.7684 -59.3339 -11.7813 0
80.7263 -9.91945 -43.3395 0
80.9194 -45.3201 -5.85276 1
81.5899 -4.90864 -34.6201 0
82.2472 -39.1161 -24.253 0
87.1732 -29.5401 -42.8948 0
81.6202 -31.3818 54.5504 0
83.4767 25.1119 1.52744 0
82.0988 -24.431 52.3352 1
85.3478 0.670792 -35.5376 0
80.8018 -34.2601 -9.14669 0
82.1004 43.2989 9.44882 1
87.214 44.6334 3.38398 0
84.1719 41.5514 16.9565 1
82.3552 15.61 -53.74 0
78.4218 10.7953 -46.121 1
86.3505 -47.5223 -22.4047 0
82.0069 27.9739 16.1905 1
83.766 51.849 47.0905 0
81.9305 -24.1933 -17.1915 0
81.0369 -2.40546 -26.351 1
83.4087 4.65725 51.0998 1
85.1629 47.8973 47.7982 0
84.1088 -30.9047 -15.7698 0
88.7734 -38.529 -31.4977 0
86.1629 51.887 33.2888 0
79.5911 8.56525 -54.0158 1
86.3828 13.6599 -58.5862 0
85.0469 36.7548 -58.1647 0
82.8181 5.59468 -59.9831 1
79.6864 0.0945701 -59.6369 1
87.6229 58.3168 15.2759 0
83.7323 -48.9872 58.7745 0
84.7482 32.7201 29.5492 0
84.8608 -36.1182 30.3466 0
82.5023 52.3394 -53.3607 1
86.1319 -47.9008 30.4716 0
82.5279 4.35303 -41.4537 1
80.7134 -1.50863 0.525044 0
85.6673 -48.977 -49.6497 0
85.4666 -57.4555 -43.0562 0
83.7077 46.5693 -34.2744 0
89.7312 57.7953 31.9492 0
80.8399 1.02406 -47.0254 1
87.486 -36.4254 -47.1399 1
87.3452 42.4039 50.3552 0
86.2303 48.0116 -33.4494 0
87.1089 56.0113 -20.922 0
86.0966 29.7106 -37.8048 0
87.432 -40.4055 36.1482 0
86.1059 -58.4709 -31.2198 0
84.2153 -16.4994 12.959 0
89.385 -35.3758 31.52 1
85.6012 -47.5778 15.7161 0
88.9876 -55.3192 23.8668 1
86.6842 -32.1808 -17.2869 0
85.9763 -32.2266 53.2925 0
87.1919 25.8935 -40.3269 1
87.2454 -51.822 59.3422 0
83.2673 -6.96884 -4.95109 0
87.7029 -52.6517 12.7347 1
91.0035 -51.1056 30.0569 1
90.4619 -54.7364 -45.5515 0
88.4801 48.8719 -17.8199 0
89.8703 -55.0339 56.7673 0
85.3389 -37.5349 10.1634 0
86.2351 41.6197 -51.7012 0
86.027 -40.175 4.74683 0
87.4044 32.2011 30.4169 0
90.2104 55.2324 59.6627 0
89.6533 45.5005 -48.5276 0
90.7154 -50.7537 53.7516 1
89.7721 -34.9821 -54.579 0
86.9342 -22.422 39.9667 0
90.9867 -59.6268 9.54917 0
91.4162 -41.5359 -31.986 0
84.9334 -2.59776 -8.78275 0
86.7899 -41.1751 -4.89465 0
85.6334 -17.7103 1.77153 0
83.9644 15.3492 -9.04362 0
89.2203 23.8933 59.3948 0
91.5797 58.7374 20.9805 1
88.8918 -34.0604 7.07303 0
92.2808 55.5762 -49.3165 0
90.1717 -54.4103 42.6255 0
88.1621 40.8585 35.6006 0
89.9639 -35.6485 55.5561 0
91.2153 -28.446 -50.519 1
84.7654 5.42081 20.5588 0
86.5616 6.43646 9.60827 0
86.2549 12.7301 18.1099 0
85.8722 1.78042 -0.27057 1
91.392 48.7741 24.4542 1
87.6458 -19.8892 -52.7265 0
90.4352 -33.7441 45.8115 0
85.4041 19.5771 27.9276 0
85.6766 7.27975 44.6068 1
93.3952 46.0853 -52.1329 0
93.5862 -42.1397 53.9966 0
86.909 -1.32567 -4.15392 1
94.8998 50.4186 -57.6378 0
86.5228 1.64268 -18.7389 0
91.0474 36.8367 50.3328 0
86.9622 24.3846 2.32358 0
94.6063 41.711 -50.7791 0
84.8116 -8.02872 -50.9281 0
82.5813 -2.86018 52.5631 1
87.4221 15.4219 -8.89054 0
86.1387 35.4686 -12.1118 0
86.3826 28.3227 -10.9212 1
89.8423 47.4957 -9.02803 1
90.9727 -26.0995 11.2614 0
88.0632 34.3149 -24.6839 1
86.9496 -14.106 -27.5759 0
88.5848 46.8045 7.66331 1
89.7608 -21.9414 -36.8094 0
90.1427 30.3175 -10.82 0
90.8297 30.3165 -36.9842 0
87.2379 -2.48826 39.2554 0
89.8248 45.6249 14.8028 1
90.0364 23.5386 27.6437 0
93.2649 45.0544 26.238 0
94.8897 -53.8465 -47.5987 0
85.1491 -12.9949 -58.4539 1
86.9952 -9.11225 59.9276 0
94.3667 58.4765 37.8601 0
86.3082 -22.692 -5.86704 1
90.6303 11.3874 14.6083 0
90.671 -29.7757 -6.48563 0
89.3647 -44.0981 -10.6985 0
89.2892 -11.6265 40.763 0
90.3251 -50.4925 -7.70451 0
94.0506 -44.0428 4.54292 0
91.1278 25.6456 -42.0813 0
86.3019 -7.73106 23.4871 0
93.2671 -50.3783 38.2838 1
94.6431 -43.9129 37.1085 0
96.5279 -47.9223 -55.175 0
93.3467 33.0871 -54.2622 0
92.7519 33.4509 -12.9305 0
92.7512 -36.4782 15.7607 0
93.6163 -33.9714 -14.6854 0
96.9238 32.7015 -45.0188 0
92.6975 26.8875 -51.1833 1
85.3196 -19.1151 50.6256 1
95.9189 -44.9874 -0.464964 0
95.2762 -46.2196 13.6177 1
92.8432 58.7126 -34.6933 0
89.3594 -5.86744 17.8164 0
92.9254 39.6044 38.7927 0
90.3564 7.94453 -13.5466 0
92.8322 47.0499 -37.753 1
92.3095 -14.4062 -38.8617 0
95.5141 -25.8996 10.6289 0
91.2455 -24.9568 36.4407 0
97.1357 49.813 54.0012 0
89.4477 -15.2961 -25.1882 0
98.2485 51.2033 -42.4914 1
91.5934 -1.48214 28.7485 1
93.0642 7.96951 25.3862 0
93.4472 37.0232 45.8028 1
90.6278 -17.5329 20.5319 0
90.3303 -12.8615 3.92333 1
87.9608 9.49873 -40.8976 0
90.113 23.5902 -24.8813 0
93.4804 -18.1723 35.5684 0
92.0198 -22.21 -20.5851 0
95.318 -51.1678 -35.1342 0
94.8633 -18.9828 -26.4185 0
93.3674 33.2781 -24.8565 0
89.8368 6.33005 -25.0016 0
94.2119 -10.8652 -32.1982 0
92.3635 -27.6823 0.878351 1
96.5989 -37.3002 -27.2282 0
94.5222 -39.1905 -43.0443 0
96.2481 -57.4187 -31.9495 0
99.0441 -50.3746 -48.0125 0
94.2058 19.0884 -27.7477 0
92.8266 3.50885 -24.3191 0
90.1871 6.58526 -36.2349 1
95.04 -32.4302 44.098 0
93.479 34.0653 22.3252 0
97.0495 -31.5878 -45.7872 0
97.738 -34.1625 -14.7005 0
92.0999 34.3165 -0.6639 0
93.3362 17.2812 -47.9532 0
90.7216 11.4482 -52.3971 0
93.2735 15.8941 15.2547 0
93.2126 17.2749 58.492 0
97.5574 31.2896 -56.514 1
95.1587 -21.7731 3.37598 0
92.5522 8.08989 -28.4021 1
93.6574 -17.8677 -3.66864 0
95.0776 27.8878 31.3332 0
91.2419 -6.57744 1.39043 0
96.5658 -21.1605 -7.23006 0
93.241 11.037 -4.8472 0
96.0959 -20.9594 26.386 0
95.8819 -39.5675 20.8486 0
94.4836 -9.03547 7.76247 1
100.812 -23.4054 3.20056 0
98.3985 -40.2433 26.3309 0
92.2029 17.3122 45.4157 0
94.1953 50.3902 -23.9285 0
97.1718 36.674 38.2025 0
94.282 31.8311 -0.122519 0
93.169 14.3201 30.513 1
95.6375 -52.6117 12.7113 1
87.464 -2.11033 -47.6514 1
92.9827 44.8829 -16.3994 1
94.6807 -2.17665 15.0528 0
98.4093 -35.9161 36.3253 0
93.0762 -56.2902 -16.9158 0
93.0624 14.8815 45.7936 0
90.564 -1.52415 45.5577 0
92.013 6.33661 -57.808 0
95.8691 -2.22761 8.48017 0
95.1832 2.50355 -6.38956 0
97.3966 27.0701 -10.2061 0
94.3263 37.8662 -19.5993 1
92.8207 -1.62995 -41.4981 0
88.2522 33.8643 16.0261 1
97.0783 52.5436 -19.0474 0
96.2833 9.14778 -50.1544 0
92.1559 24.6612 11.852 0
96.3903 15.5285 42.9879 0
98.4912 -12.1906 9.86121 0
97.8283 -34.5504 -39.1975 1
97.1792 -52.6622 -16.7199 0
98.178 20.9879 30.421 0
96.8112 57.7208 20.8269 0
92.9718 5.46704 50.4598 0
98.7081 -46.1167 -14.5001 1
95.3332 21.684 5.31098 0
96.7945 3.10119 39.9748 0
95.5149 53.0446 10.8508 0
97.6533 34.9826 -24.6095 1
93.4908 -6.99327 -55.9307 0
97.0957 0.577036 -58.2551 0
96.0771 -9.70331 -53.1717 0
100.761 57.7532 -23.7501 0
95.4711 -5.13904 51.0304 0
97.3965 6.25931 -36.2584 0
100.063 20.8329 55.0543 0
88.5213 -19.5663 56.746 1
95.4123 33.701 7.14891 1
99.5503 55.1942 -32.9877 1
99.5277 17.5531 10.0153 0
100.669 8.0009 -47.4021 0
100.11 49.2552 -33.5021 0
96.8453 -24.8999 47.0247 0
99.8219 29.439 46.6664 0
96.2201 -16.6419 54.3591 0
98.6808 29.9867 -36.804 0
102.092 46.5345 -31.5467 0
98.7803 -16.0278 38.0273 0
98.1445 2.28251 29.1036 0
99.9631 40.4412 -22.2535 0
99.365 -2.31954 44.8977 1
98.4547 1.23352 -28.1993 0
101.132 4.23969 49.0714 0
99.1526 12.3293 -2.16917 0
99.0686 18.3949 -34.0778 0
101.525 30.2949 -27.1814 0
97.7293 5.3202 -6.75728 1
99.956 -52.6521 -12.8395 0
99.2877 -42.9311 -8.00321 1
102.735 -1.74219 50.1817 0
100.723 -13.3159 50.9072 1
103.011 -59.8635 -18.7897 0
101.571 15.8103 -27.7362 1
102.278 16.7296 38.0105 0
97.044 -13.9195 -22.1648 0
99.2493 -10.5793 21.1151 0
101.212 -33.1742 -41.8297 0
101.336 -46.6596 -31.7572 0
104.204 -43.6819 -39.639 0
101.223 -18.4945 17.5708 1
100.537 -31.1436 -25.5264 1
102.746 33.4799 35.3107 0
101.074 -5.8091 -46.6182 0
100.017 -23.8688 24.6473 1
100.871 -15.23 37.3381 0
101.672 -51.2541 -5.02685 0
100.67 -7.65762 37.9899 1
101.984 -42.0827 -51.5967 1
102.895 30.7403 48.3386 0
100.569 41.1426 46.3293 0
102.203 -49.5475 -51.9841 0
100.878 19.8862 -21.3524 1
104.464 -32.6799 -30.8536 0
101.223 26.3674 -52.4318 0
101.898 -6.57866 23.7003 0
102.21 -40.1904 0.29438 0
105.637 -44.9444 -33.3265 0
98.0797 -12.314 -27.8653 1
95.9606 52.0432 -3.43668 0
94.741 48.8938 -0.135632 1
100.277 46.663 -6.17848 0
105.171 -14.6211 31.0831 0
97.9367 -59.3272 42.9373 0
98.8577 -29.9106 -50.2525 1
101.666 37.9998 -50.6333 1
104.969 41.7544 -29.5109 0
100.995 -43.2715 42.2539 0
98.7891 53.7987 37.4084 1
102.785 -40.0957 31.9946 0
104.484 -52.7917 -51.2509 1
103.077 -26.0002 42.451 0
105.947 -29.8572 34.2856 0
97.7292 -54.8286 26.3166 0
98.8271 -11.3096 -16.1791 0
100.642 -19.196 -7.00102 0
99.0679 -41.6875 53.5943 0
95.9453 41.9909 11.5387 0
106.216 36.1572 42.162 0
98.9426 40.4881 10.8036 0
98.3136 -58.9142 22.3367 1
96.3442 -4.11821 -5.41299 1
103.114 -54.2276 38.6993 0
103.192 36.6254 -58.1019 0
100.628 57.9285 47.8745 0
101.923 56.8455 23.7285 0
100.478 -15.4831 -50.0681 0
101.366 49.6867 27.7967 1
99.6176 -11.1547 -58.3036 1
101.854 -26.2458 18.3856 1
104.11 42.0959 31.4656 0
99.866 39.5662 5.21503 1
99.8094 -32.3456 57.6672 1
102.347 -42.0719 54.5531 1
103.776 -35.2223 -8.25516 0
105.982 23.1156 31.6715 0
102.728 -53.7773 -0.192596 0
104.207 42.5164 22.385 0
101.075 -55.3301 8.43601 0
103.606 -49.2803 18.1175 0
104.117 54.0215 49.1344 0
104.541 -34.1546 11.0148 0
106.878 55.0595 26.7157 0
98.6245 -29.2957 -56.1728 1
104.131 51.6037 57.2926 0
105.383 -47.6824 49.5679 0
105.671 58.3821 14.2293 0
101.158 53.1311 -0.329149 1
103.121 2.79275 27.4458 0
105.206 53.4206 5.85135 0
103.868 9.56497 39.0578 1
105.896 21.5417 50.8914 0
105.649 -56.3071 29.427 1
107.353 23.8416 -59.1002 0
101.978 7.77532 31.3169 1
106.965 -59.0834 35.6884 1
107.278 34.5649 -53.8851 0
107.899 -53.3195 39.477 1
104.262 22.6859 24.8369 0
105.45 28.8405 -35.1436 0
110.506 38.2555 41.7744 0
112.393 34.0584 47.662 0
104.879 -33.9531 -15.4498 0
103.904 20.9937 20.5853 0
103.62 33.1148 21.5655 1
106.799 14.8606 20.4743 0
104.401 -38.9571 -22.5249 1
107.898 -58.0386 44.854 1
108.603 42.7846 -29.912 1
109.813 46.3331 45.2145 0
111.524 47.1535 51.7697 0
103.573 -12.6735 -45.1244 0
104.87 52.0809 -42.1123 0
105.5 53.2198 -4.35891 0
110.083 55.5921 55.1014 0
103.501 -10.9127 56.1418 0
102.194 -28.4654 59.4938 0
103.706 -15.9389 -3.26632 0
104.493 56.6264 -53.3657 0
108.57 52.8159 -52.0452 0
103.914 -28.6652 -52.0345 0
105.073 -0.839186 19.7536 0
108.484 16.0888 17.4389 0
107.601 37.8734 -37.4839 1
104.855 18.3183 -35.0681 0
101.497 -0.475078 -17.1785 0
111.546 59.8261 56.0839 0
109.961 42.5018 -57.7339 1
107.093 38.1872 18.2307 0
106.521 13.9909 -53.7681 0
105.974 12.1344 58.2658 1
106.359 -17.805 58.9977 0
100.995 24.5653 1.3442 0
107.634 -46.3987 15.0653 0
107.803 24.2001 -45.4927 0
107.667 -44.3948 -55.5884 0
104.152 27.4465 1.14232 0
106.648 -29.2296 -28.585 0
109.484 -35.3192 -53.1292 0
103.217 -2.66173 7.00025 0
109.945 -35.8317 -30.8478 0
109.204 -42.9129 -4.77537 0
112.585 59.2022 -53.5159 0
110.586 -46.8995 58.1126 1
104.138 34.9239 -9.49811 0
106.771 6.32009 54.8725 0
106.322 17.7156 4.0483 0
104.438 15.611 -4.50369 0
100.449 11.9046 -19.0774 1
110.545 55.342 -40.0762 0
111.039 33.72 -48.9564 0
110.76 -46.9524 -44.4899 0
104.473 14.158 -24.088 0
114.561 41.4368 -47.2167 0
116.357 50.8297 47.4075 0
109.846 -39.9892 -16.8111 0
109.086 -33.3924 -6.09048 1
109.39 3.35701 -57.6893 0
106.374 38.5455 -6.70798 0
112.136 24.5198 41.5219 0
108.524 36.2506 -20.5154 0
105.348 -11.0673 -6.27245 0
111.911 46.3776 -35.6039 0
110.193 52.5809 -23.9028 0
109.003 48.3472 -0.583817 0
110.346 36.2207 16.71 0
110.906 43.6396 14.1014 1
116.389 34.6689 48.7315 1
109.664 -55.3557 -25.0103 0
115.953 28.0023 40.8381 1
102.197 3.35688 -2.39478 1
104.419 7.20764 -35.992 1
105.623 -9.56833 -40.5658 0
108.961 -18.9882 -49.6687 0
109.496 32.6762 2.99825 0
104.935 -11.2964 -19.9437 0
106.755 0.934281 -42.9586 1
109.864 -53.9224 -4.54776 0
109.606 -25.5415 -59.5207 0
106.401 -8.9921 -13.1247 1
112.544 -47.0685 -7.29739 1
110.951 33.3111 -8.59337 1
106.536 -21.1174 6.43228 0
113.307 -39.347 -6.24235 1
112.518 50.5558 33.7383 0
112.402 -50.4852 2.21601 1
110.427 -44.4033 11.2274 0
110.689 5.14631 -47.2557 0
118.09 42.9415 50.4938 0
114.033 3.2156 -47.6884 1
112.221 55.7655 -20.1965 0
113.242 -58.0164 -16.309 0
108.15 -20.606 6.44723 0
108.791 -7.45345 0.0905878 0
114.47 49.7687 -17.8847 0
108.202 -29.1991 50.8922 0
115.235 30.7362 59.4998 0
103.888 7.63139 -7.46152 1
114.519 45.2912 -21.0909 1
104.325 0.606535 -31.0175 1
108.39 -45.3717 31.0341 0
109.885 -4.77672 55.0618 0
108.738 22.5338 -24.7371 0
105.96 -20.0931 -32.9958 0
107.58 -15.5048 -31.4405 0
113.535 -4.57259 58.6381 0
104.97 -9.04918 -33.9059 1
112.719 42.9368 -2.52088 0
111.811 56.9008 21.4288 0
108.561 -1.45695 -31.6914 0
113.08 -17.3718 -36.7301 0
107.257 9.36389 -14.7613 0
109.79 11.8302 41.9553 0
114.074 37.6365 3.89618 0
106.276 0.58986 -24.1917 1
110.604 -3.88465 -21.6076 0
112.458 53.9634 2.52794 1
111.95 57.0408 9.10774 1
115.463 17.0016 47.8575 0
113.182 -29.2976 -50.9444 0
112.994 28.491 16.2545 0
115.571 2.11631 -55.7015 1
112.743 27.7078 -35.12 0
113.525 33.1272 -22.2975 0
114.098 -55.3144 -28.7686 0
113.655 -46.0689 -25.1442 0
108.654 -11.6675 44.5107 0
110.603 21.734 -37.0535 1
111.394 20.5141 1.2786 0
111.353 17.107 -23.7575 0
112.053 -20.5654 -22.0228 0
112.854 19.4555 -10.0493 0
118.029 39.128 -58.3942 0
113.924 -26.9727 -18.7591 0
117.605 40.8039 -35.4339 0
115.116 -53.8368 -56.0634 0
115.185 -24.23 -56.6761 0
115.17 -52.1495 -45.9685 0
110.146 6.38153 -14.0337 0
107.886 0.305807 -10.0223 1
109.2 -2.00258 -4.39833 1
110.53 -31.433 39.2966 0
112.6 -16.7606 47.5278 0
113.951 -0.184093 -19.2943 0
118.25 58.329 -45.9331 0
114.909 -25.9048 47.2274 0
118.135 58.6636 52.1834 0
116.684 35.7438 -18.8252 0
115.272 -10.0148 -46.3657 0
120.911 51.8608 -47.2962 0
116.76 53.215 -13.4099 0
115.163 -7.76347 -29.2039 0
114.258 -31.4077 38.2191 0
112.272 -46.2307 47.3464 0
115.799 -22.7127 -48.5485 1
114.625 7.07603 59.5809 0
110.229 6.16977 8.45386 0
117.145 28.2528 -13.6556 0
116.07 -40.1752 -28.0934 0
116.479 43.4438 -14.6215 1
113.476 -57.4975 28.7805 0
114.498 -17.5047 43.6985 0
119.16 -55.4859 -26.563 0
107.298 5.3014 1.57325 1
116.807 50.9002 -8.71788 1
117.047 -51.6916 53.0698 0
116.328 -55.0329 40.4315 0
116.989 -18.5949 -30.5613 0
116.403 43.8569 -7.5493 1
115.763 -13.953 42.1614 1
120.937 56.7762 54.4765 0
117.854 0.598204 -49.5245 0
117.053 -27.8126 -29.491 0
118.286 59.7087 -7.63821 0
119.33 -49.4372 -52.977 1
120.307 -18.2601 -32.1143 0
119.097 -39.5664 -32.7044 0
121.598 -54.6922 46.3886 0
117.797 28.3615 -40.7047 1
122.098 42.5384 58.2702 0
118.153 -46.2938 -47.9647 0
124.627 53.0143 -52.6275 1
111.508 -4.45617 38.6299 0
115.604 -52.4051 30.719 0
112.121 13.8448 -45.0965 0
116.544 20.6696 57.9336 0
117.872 -42.148 51.94 0
116.211 19.4751 -53.9743 0
115.763 12.0805 -38.4453 0
118.135 16.1197 -48.8547 0
121.24 36.0026 -46.5195 0
115.286 -39.4768 -59.2581 1
119.392 -5.96591 59.2317 0
110.24 2.52503 30.2011 0
118.182 13.2358 -38.4923 0
121.788 21.2779 -50.3721 0
122.366 43.3835 -37.1474 0
114.428 0.970812 32.8436 0
121.278 26.7715 -39.5041 0
114.638 0.879719 25.9841 0
118.712 -37.4277 50.2802 0
118.652 9.5707 51.5309 0
112.208 -30.8988 0.87791 0
112.737 -4.19217 3.49334 0
116.772 7.29345 39.4936 0
120.047 -29.2595 55.0957 0
122.766 -30.0225 54.5926 0
119.026 7.33333 -32.8609 0
120.66 18.375 46.4091 0
124.137 40.0212 -47.6349 1
113.44 -38.3745 9.12758 0
119.687 -7.36003 55.5734 1
111.108 -14.5988 13.719 0
125.673 20.5729 -53.1213 0
112.416 -39.1371 27.3918 0
121.651 50.4232 -29.4808 0
120.055 -38.2873 38.5989 0
109.9 -27.4656 14.6865 1
113.664 -35.9557 22.5149 0
118.685 -50.4288 -4.86042 0
120.642 -26.6821 41.534 1
120.275 -18.2542 41.2481 0
111.005 -26.6942 21.6388 0
119.373 -45.929 29.7141 0
117.947 -51.307 26.165 1
114.728 -47.6416 20.562 1
116.281 -20.6819 -12.6949 0
112.694 -20.0202 24.1006 0
119.488 -20.7009 35.7646 0
116.732 -34.292 6.0344 0
116.93 -21.4288 23.9026 0
113.201 -12.7929 13.9374 1
117.455 -19.6137 -7.32368 0
117.089 -38.2321 -14.8222 0
118.799 39.358 -0.941067 0
115.862 54.0151 8.12063 0
119.318 -34.7381 -9.88682 0
120.793 -27.0764 -11.574 1
118.429 -42.9406 -39.9598 0
119.055 51.9496 7.12814 0
114.829 -8.93946 17.042 0
121.796 -40.7754 -40.6765 0
125.583 49.7437 -31.4949 0
115.295 -55.1465 9.88585 1
122.978 -13.5977 44.3407 1
119.748 -45.9896 3.93666 1
116.62 -59.9896 13.7376 1
121.355 -36.1951 -26.8583 1
120.84 -56.2385 9.43113 0
123.464 -40.7569 -47.5336 0
120.247 -36.1947 31.4938 1
122.536 -40.2819 -20.5676 1
121.218 -42.2339 21.109 0
125.335 -59.8083 -25.7378 0
124.525 58.1488 -11.6523 0
116.124 39.6829 18.1496 0
124.889 -42.2693 34.3814 1
125.441 33.6342 -32.2379 0
122.645 -49.8319 -3.40485 0
114.859 -5.08808 -6.37939 0
113.652 -3.57838 -11.3227 1
115.181 21.8059 15.6753 0
123.913 -35.5078 -54.6927 0
124.996 -45.5215 -10.2384 0
126.331 -58.6034 -2.11377 0
118.559 10.7512 35.9391 0
125.526 55.4628 -40.0654 0
120.456 -19.9701 23.3634 0
125.795 -51.5741 -41.3836 1
117.28 -3.49706 11.1575 0
124.615 -27.1656 58.3644 1
121.438 25.0002 -28.4756 0
117.428 -0.832421 -20.1227 1
119.684 -25.3041 3.53918 0
121.858 -35.1121 23.7903 1
121.498 -36.336 10.5239 0
117.581 9.01945 -18.2406 0
121.576 -20.0163 1.25698 0
119.484 14.3358 -15.298 0
118.265 -1.38359 -5.3295 0
126.802 -45.8888 -50.1358 0
118.702 19.3418 -1.4502 0
118.186 2.76379 -8.64746 1
121.039 26.1721 -15.1126 0
123.777 -29.3281 -21.8317 0
123.861 -27.8171 29.3874 1
118.197 33.4131 26.7382 0
116.905 21.981 34.3805 1
124.653 26.6159 -25.2723 0
117.704 2.90208 21.1086 0
118.725 -2.4904 2.03942 1
117.339 -10.3571 4.55795 1
125.063 30.7809 -17.0043 0
124.964 -47.9556 -18.7015 1
118.167 10.8108 14.0697 0
118.462 44.9709 26.8592 0
125.202 -36.0126 3.50346 0
118.2 11.3158 11.0533 1
121.18 -29.798 14.9675 1
121.595 31.1971 44.583 1
125.683 -56.0169 10.0759 0
119.802 28.5363 25.198 0
122.071 39.9951 -3.98561 0
121.55 50.7902 24.5592 0
121.382 56.33 21.1813 1
121.898 -4.89031 -16.5683 0
125.074 -41.107 6.63591 1
122.073 -58.5489 29.8629 0
125.67 -29.8642 38.4859 0
121.86 -9.96517 6.47682 0
118.955 16.1596 6.68922 1
121.684 -48.9436 20.4069 1
124.094 43.7728 13.249 0
123.123 3.16341 -22.2685 1
124.027 -54.56 14.9012 1
126.409 -49.1082 -27.3829 0
124.653 -9.47614 -6.70343 1
122.257 -2.1101 20.0685 0
128.898 -47.1431 -11.7025 0
122.629 41.0333 2.10258 1
120.959 -16.1055 -51.8721 0
126.613 47.4665 2.95557 0
126.199 -31.1118 -47.8742 0
126.375 40.5108 -4.13056 1
124.623 36.1917 10.9717 1
124.597 -9.20256 18.4043 0
117.258 21.2588 28.3411 1
116.761 11.3615 -1.71125 1
121.509 4.40391 17.4134 1
128.317 -32.7775 0.677411 0
125.387 -22.9063 19.3841 0
125.446 -18.8569 6.96124 1
126.579 -42.5245 42.6477 0
120.87 -0.455117 -33.7948 0
121.79 -6.83711 -44.7534 0
127.472 -35.3414 -30.8278 0
123.437 -22.596 -38.2304 1
126.243 -21.3156 14.8184 1
123.095 -7.82003 -30.1035 1
129.945 -47.0695 -41.5216 0
124.888 -8.48395 -42.169 0
127.321 -47.8776 10.9295 1
122.182 54.3793 40.1841 1
126.345 36.1643 0.882705 0
127.88 -39.0228 26.484 0
129.226 53.9035 -0.421202 1
129.962 -57.7212 -4.17323 1
128.215 -49.6896 44.7947 0
131.162 -55.7644 -31.4114 0
127.735 -49.4166 25.07 0
126.693 -22.7092 -49.1774 0
126.21 -53.04 19.8266 1
124.34 -12.722 57.2012 0
128.214 -14.8446 -48.6595 0
123.656 3.44739 -38.5518 1
124.027 10.994 -11.0165 0
125.947 0.893767 -30.5114 0
122.358 -2.43068 39.4245 0
123.723 23.8721 4.3943 0
126.887 24.7296 -0.440179 0
126.977 -23.6386 -27.5061 0
129.371 -23.7376 -39.3868 1
129.513 34.4186 -10.1105 0
128.502 21.9754 -7.57874 0
126.863 30.5623 10.6169 0
128.132 54.9983 -46.3256 1
132.531 -45.7237 -47.3494 0
123.331 46.3213 35.497 0
126.234 -23.367 -17.1083 1
131.512 -36.3723 -34.6502 0
122.411 13.9288 35.3008 0
135.478 -42.0787 -35.8005 0
129.424 -17.3047 -32.7522 0
126.812 -15.5567 -14.3899 0
126.746 -7.28207 -23.0604 1
127.17 -13.5031 -28.6516 1
130.55 -31.6445 -17.3713 0
124.892 -12.8216 0.784991 1
131.29 -9.20446 -38.5868 0
127.865 59.661 27.8296 0
135.977 -37.3351 -43.8552 1
122.95 2.2254 -0.0315703 1
124.751 11.1812 52.7997 0
131.867 -47.6812 38.404 1
131.863 -42.9951 -14.3592 0
123.323 17.5691 27.0496 0
125.326 7.18742 -4.02922 0
126.637 4.51375 5.62959 0
124.699 10.8723 16.6295 0
127.97 51.5064 26.1114 0
131.971 -43.1085 -23.243 1
126.168 24.4277 18.3496 0
131.387 -54.7954 21.2808 0
128.47 9.0132 14.3248 1
135.397 -32.3208 -25.3278 1
129.245 0.395202 4.17992 1
131.849 19.1145 -4.2454 0
128.311 -19.3627 22.6401 0
129.547 -15.2694 -12.9321 0
125.877 -6.16457 42.5186 0
129.18 -11.7817 -57.8924 0
128.817 -5.95064 5.02779 0
136.136 -50.6 -28.0765 0
130.053 -35.9332 26.0186 1
129.223 -4.00928 23.4475 0
131.82 -25.5186 -11.0594 0
128.124 -7.97781 32.4535 0
131.554 6.90654 -6.53029 0
130.557 17.3712 -18.6157 0
130.263 25.7109 -27.6498 1
129.275 -0.523292 -55.8631 0
131.64 -8.25945 -12.8567 0
134.362 -0.426047 -1.80215 0
128.694 -56.6078 -51.008 0
130.832 -22.2427 2.10855 0
132.13 25.1395 9.01135 0
132.095 10.266 -15.1201 1
131.515 13.2012 -21.7737 0
129.585 -2.53984 -17.1934 1
128.83 0.147474 -49.7613 1
131.144 54.3769 -24.0644 0
130.47 35.1576 -32.1898 0
126.423 9.94648 52.8251 0
131.911 -5.39446 -46.0611 1
130.397 -26.6031 36.1735 0
131.647 -20.1671 24.8938 0
136.59 18.7874 -11.7708 1
128.459 48.6868 -14.6644 0
131.119 59.3689 -19.6919 1
129.625 -22.0426 57.7996 0
131.734 -21.6035 11.4438 0
132.226 0.872219 -22.5275 0
133.103 39.7436 -33.4254 0
124.334 39.7835 44.1868 0
129.754 -14.7562 43.1085 0
134.323 -13.8047 -3.10636 0
136.169 59.6246 -30.8042 0
136.106 -20.648 1.74942 0
134.573 44.3063 -18.2115 0
135.405 51.8488 -21.9395 0
134.864 -20.5247 30.5293 0
137.976 47.5921 -27.6363 0
128.01 40.4742 24.0936 0
127.454 13.2399 28.7985 0
136.247 -28.1801 -2.78623 0
132.168 44.8145 -38.7973 1
130.475 19.7066 20.6879 0
133.137 -27.2989 41.9648 0
131.148 13.5491 -29.0838 0
136.41 -2.41291 -10.8235 0
129.616 8.5481 -36.6561 0
131.275 22.7583 -35.9228 0
131.876 -16.2672 50.0973 0
128.569 16.0799 -48.9473 0
131.435 24.347 -44.3468 0
128.822 4.80195 44.6787 0
134.993 18.5705 -36.7943 0
136.112 13.5084 -40.8943 0
132.431 6.84807 25.7675 0
135.787 -6.61243 25.2705 0
134.548 33.2501 -25.2403 0
136.092 28.817 -25.5994 1
130.668 11.5819 -55.5865 1
137.081 45.5565 -13.0965 0
131.683 52.6319 25.8923 0
135.29 38.4377 -7.40016 0
134.396 59.6124 -9.96599 0
129.684 20.6665 56.4805 0
133.235 39.8634 0.0938508 1
133.534 40.1546 7.05817 1
136.443 -10.1014 -17.8486 0
138.426 34.0245 -14.2677 0
136.036 -24.1479 16.1803 0
134.159 53.4614 0.817035 0
132.788 13.0868 13.6956 0
135.056 25.0593 9.64621 0
134.396 60.1499 1.44781 0
135.757 12.4985 12.2747 0
133.029 47.7058 6.93094 1
136.667 -26.579 4.46682 1
133.164 37.9033 21.1412 0
136.684 -6.75169 -28.8789 0
130.163 24.1074 56.9583 0
136.388 8.74705 27.1003 0
135.725 -52.0131 -4.81516 0
134.865 -44.5382 0.924623 0
135.009 37.357 24.1914 0
136.86 -39.8797 -10.5829 0
134.852 42.8827 16.6291 1
134.584 12.2323 -44.5809 1
138.152 5.64826 -27.4932 0
131.286 34.7793 -49.6484 0
127.214 46.4235 -56.6532 0
139.705 5.06722 -14.1494 0
131.353 44.5904 -56.465 0
130.785 26.6177 55.6656 0
137.359 -52.9143 2.16727 0
125.714 30.36 37.3168 0
136.747 -19.815 38.9277 0
123.338 24.3873 38.6414 1
129.541 36.6394 47.3176 0
129.944 37.2867 -56.7328 1
134.334 -11.534 42.1638 1
131.257 13.8289 37.6024 0
133.563 9.70658 46.087 0
132.668 1.06376 43.9089 0
132.732 38.9778 32.7237 0
138.768 -13.0423 -29.2745 0
136.153 -13.7858 -41.5139 0
135.331 -25.3806 -36.4777 1
136.125 10.5284 49.2216 0
135.652 -34.5716 9.42043 0
134.625 -2.67424 43.6898 1
138.351 -23.7981 44.6015 0
135.613 -45.419 13.8198 0
138.978 45.3026 1.77997 1
133.499 5.38285 -45.1425 1
134.781 -42.6013 17.9318 1
136.537 16.8012 58.9769 1
135.012 8.51696 -56.3277 0
132.585 0.466158 -57.7805 1
136.08 26.1789 23.6475 0
135.535 20.5466 38.5466 0
132.675 53.0159 -48.7852 0
140.647 -54.8247 -20.9246 0
135.103 30.5175 36.0866 0
140.174 -24.8287 12.9869 0
139.617 14.0614 -31.3446 1
141.631 -5.93124 -14.4634 0
135.484 57.4033 -44.1131 1
137.422 14.4401 -54.3891 1
139.016 23.323 43.2586 0
138.095 27.5071 -5.66257 0
137.104 27.1106 55.7149 1
139.9 -11.9468 13.7006 0
134.559 36.2813 45.6517 0
139.839 -57.4322 -33.9267 0
135.932 55.3701 -51.3803 0
135.923 -19.4077 -45.4838 0
141.701 -45.4613 -17.1091 0
132.801 43.6122 39.4082 1
140.813 5.26582 26.8777 0
134.486 48.997 34.897 1
139.515 18.3648 25.573 1
139.538 -23.7514 -17.5137 0
128.713 -58.631 54.1107 0
139.773 -2.15539 34.0506 0
141.412 10.8112 21.4341 1
133.366 -59.5602 36.0756 0
136.005 36.3022 -46.4385 0
141.502 -20.4202 -28.0382 0
131.554 48.3663 54.157 0
131.843 53.1336 48.6052 0
141.52 -16.6064 -14.9308 1
135.965 53.9883 43.563 0
134.634 -56.7167 47.8367 0
130.329 -40.6431 57.2322 0
141.662 -23.3296 -10.6682 1
139.647 43.48 -42.0103 0
135.464 -50.0869 -52.1871 0
139.107 56.7345 -49.4293 1
134.839 -34.3192 55.517 0
133.202 -46.3503 51.6106 1
141.826 -13.9125 25.3545 0
138.169 51.3098 55.6402 0
143.651 -22.6375 19.2809 0
140.013 -9.67775 37.6588 1
135.825 -17.757 -55.1447 0
136.306 -43.9365 45.7351 0
142.73 -7.03193 40.0235 0
140.867 -44.4103 5.07179 0
141.904 4.3712 42.1956 0
141.282 -35.0945 0.261412 1
140.531 40.0072 -38.0095 1
136.752 -0.0303947 15.4113 1
143.816 -47.0886 -3.04224 0
138.759 59.0387 5.24958 0
137.673 -56.162 34.8017 0
143.679 -14.9947 33.4931 1
138.562 -55.9364 14.7884 0
137.64 -0.915575 55.5587 0
137.363 2.84607 9.14727 0
137.973 -3.70468 2.21185 1
136.354 -5.10278 58.1768 1
143.029 -9.71286 12.6483 0
139.606 -32.015 -36.839 0
143.639 -6.99302 47.5002 0
141.61 3.26908 -59.9152 0
137.837 1.54613 -48.9864 1
137.622 -47.6751 34.994 0
137.279 -39.6772 41.1452 0
136.494 -42.5821 -50.5964 1
137.011 -18.0212 51.3619 1
142.329 -42.3757 -30.546 0
146.755 -12.2905 39.3988 1
141.026 -57.8823 10.7882 1
138.824 -14.0907 59.3475 1
137.093 0.308754 -40.9489 1
138.068 -54.928 -59.0726 0
145.77 -52.6565 -14.5915 0
140.49 21.2346 1.95181 0
142.47 -7.80024 -58.2053 0
142.398 -56.1745 -45.1553 0
141.608 24.4699 -15.5393 0
143.53 -32.6227 -31.2382 0
140.276 -48.342 24.9977 0
140.876 -35.135 38.239 0
140.446 -42.5844 26.1284 0
141.685 -2.46759 -55.1422 1
142.485 -39.2561 27.3973 0
144.083 -33.8745 37.5322 0
141.471 2.88379 0.768181 0
140.34 -53.3964 57.5813 0
140.445 -59.1453 25.1373 0
140.559 -30.5086 53.0237 0
144.131 5.45808 47.7969 0
144.788 -31.2389 29.0708 0
144.314 -0.588407 14.9246 0
141.516 -24.5826 46.8854 1
146.739 -10.9538 51.4685 0
136.369 -37.3807 -58.3438 1
139.941 -24.6457 -51.7801 0
144.285 3.38126 -13.9155 0
141.236 -51.0727 49.4196 1
142.644 -44.4355 -44.103 0
143.974 -2.11944 2.09418 0
142.254 -37.7667 55.5839 0
144.808 -32.0827 17.1281 0
144.367 -32.0452 -17.9141 0
143.748 -30.6088 10.9322 1
143.576 -59.7908 38.6159 0
144.879 -36.6489 6.8336 1
145.261 -53.4499 49.3106 0
140.839 55.4375 19.4647 0
142.88 46.873 -22.8664 0
143.687 -23.5013 -0.0811703 0
144.027 -34.1835 -44.0851 0
139.81 47.3598 53.2889 0
145.751 -18.4743 -5.49661 0
148.175 -33.0884 19.5884 1
148.64 -19.3564 27.7124 0
143.497 34.4327 -10.6936 1
147.386 -30.0018 -9.79628 0
147.532 -2.67861 1.97624 0
145.477 -27.0556 -43.7855 0
147.246 -17.8984 -20.985 0
148.089 -5.52556 17.0695 0
144.805 10.1145 13.3218 1
144.274 57.7412 -31.8678 0
144.005 -38.55 -58.5389 0
146.223 -30.4098 57.8713 0
148.866 -30.0957 37.5389 0
147.913 -19.4995 43.3335 0
148.093 -41.0543 40.0685 0
141.297 28.893 31.037 0
147.034 -44.3179 -47.778 0
147.624 -53.0345 -50.6693 0
147.674 -40.7818 -26.1953 0
148.61 -29.7396 -58.6902 0
147.978 -23.2559 43.601 1
147.717 -19.0949 -59.6014 0
141.325 31.8116 44.9516 0
146.34 -9.66314 -25.5004 0
144.871 -58.421 10.6854 0
146.288 3.56218 -59.9546 0
138.602 39.6028 40.498 1
149.953 -32.8047 -22.469 0
150.866 -8.48705 11.6905 0
146.121 0.119941 -22.8479 0
148.518 -51.1817 -9.23999 0
141.944 10.0516 -33.7915 0
139.863 41.2918 32.9705 1
145.757 -22.4803 -49.3951 1
147.703 2.37425 31.1191 0
149.736 -16.1473 -0.00444159 0
139.688 42.5064 13.5407 0
149.647 -14.8146 -26.4553 0
150.302 -34.5635 -40.0814 1
141.278 28.3696 -29.3488 0
145.912 32.1507 -18.8815 0
144.977 -47.1131 14.4479 1
143.061 -8.91933 -41.7405 0
145.876 10.8176 47.4479 0
143.032 -8.30797 -38.4542 1
147.269 -5.40017 -54.3358 0
149.888 -53.357 -19.029 0
142.115 39.7667 49.1143 0
152.285 -35.8854 -32.7951 0
144.033 41.7033 43.032 0
150.255 -50.6943 -39.6228 0
140.497 43.7048 -55.8072 0
148.279 59.2222 -42.8245 0
144.465 1.33132 -45.6517 0
148.939 55.4484 -33.5708 0
139.734 32.8596 59.3047 1
147.472 -27.7804 6.9236 1
149.301 -40.8268 -0.929879 0
150.99 -5.68509 -9.58038 0
143.709 41.4096 -43.5276 0
149.399 5.57042 25.5175 0
151.675 -40.493 -57.3736 0
145.714 42.8309 -52.5384 0
142.607 14.0691 58.4949 1
146.174 50.1261 -34.5937 1
148.609 52.1764 -44.4865 1
144.88 51.469 30.619 0
154.359 -47.0711 -20.5962 0
148.479 -57.6794 45.7808 0
153.286 -25.5381 -24.0082 0
144.059 46.8837 30.3551 1
152.922 -33.5227 -9.53882 0
144.877 35.4845 -53.9072 0
149.368 56.6085 -54.0099 0
153.137 -51.8419 -55.3457 0
151.485 -40.1984 3.9041 0
148.027 46.2103 -59.815 0
155.07 -45.9401 -28.2613 1
144.677 25.5267 29.0438 0
149.811 -44.5656 30.5869 0
146.351 52.4037 15.3071 0
155.599 -43.0775 -51.986 0
156.267 -52.2597 -40.7274 0
149.632 6.06975 17.4676 1
142.271 44.7534 5.46893 0
140.777 37.6639 -0.59607 1
149.159 50.417 30.5829 0
153.687 -30.1104 -51.9491 0
150.133 -11.4656 -50.4695 0
143.653 37.4001 13.9186 0
147.024 46.5342 7.10303 0
150.896 -56.0469 36.3225 0
142.475 25.2913 -31.4318 1
147.948 41.675 44.4758 0
153.062 57.5456 -58.1214 0
144.954 30.7607 -54.9072 0
148.902 44.1529 21.6908 0
152.094 -11.372 25.5373 0
150.024 53.1052 55.7158 1
152.891 -13.8369 54.412 0
142.336 30.3892 -1.46985 1
148.345 31.3579 -58.5807 0
153.295 -18.4006 -12.4247 1
155.331 -16.276 -59.8764 0
151.657 57.628 27.7948 0
152.764 -33.5872 49.5248 0
151.905 1.04479 31.166 1
154.318 -55.8732 53.7807 0
144.822 22.5928 -3.17453 0
154.632 -49.3962 42.7553 0
152.352 -21.1628 6.98795 0
145.135 28.8595 18.7566 0
145.581 25.0869 7.60939 0
152.534 56.5955 -28.1824 0
144.914 22.3268 21.8376 1
147.89 21.1014 8.67505 0
146.624 15.3384 -3.13583 0
149.689 15.5075 12.5978 0
153.108 6.90416 25.9306 1
148.503 38.1095 31.4174 1
155.044 -58.3467 -25.8652 1
151.555 42.1861 11.6363 0
155.003 -24.6211 47.8365 0
152.713 44.1225 -56.5966 1
149.344 59.3995 1.42254 0
151.9 35.2677 22.5718 0
151.13 43.6362 -44.534 1
143.849 26.4603 -47.2132 0
152.792 -13.7094 -44.6356 0
145.885 44.0539 -13.7306 0
153.13 -54.9126 -8.29356 0
151.592 -58.6246 18.5832 0
154.321 -50.8489 25.9334 0
149.487 52.6257 -1.17143 0
151.466 55.0924 -12.0691 0
149.977 50.9547 -16.9857 1
153.962 -54.7516 14.8921 0
152.518 48.7022 -7.49148 0
149.929 45.4306 -9.15022 1
149.12 12.6873 41.0643 0
147.229 22.5419 -19.4765 0
146.21 6.07493 -34.1444 0
156.211 -54.5281 -1.50952 0
155.925 -58.7994 44.2394 0
153.494 -51.6053 30.7699 1
152.764 41.0152 42.799 0
151.782 15.6806 -2.10107 0
149.851 10.4558 -12.7136 0
156.682 57.857 53.8296 0
146.988 12.775 -23.104 1
145.873 21.5926 -41.4702 0
148.617 29.3281 38.9688 1
146.599 13.681 -54.7922 0
157.283 -28.2474 -50.4474 0
154.365 -46.4454 11.027 0
151.507 6.31268 -17.8018 1
150.589 13.3183 32.2909 1
152.826 21.2525 -15.4438 0
147.971 42.5157 -36.7015 1
153.557 10.3172 -2.20357 0
154.195 -21.9174 25.4065 0
153.985 -32.1687 32.163 0
157.229 58.526 -3.43937 1
157.062 49.638 30.4132 0
158.369 -59.9969 4.90458 1
154.271 47.5116 57.975 1
147.841 9.90763 -42.2981 0
148.318 -0.700395 -31.3219 1
152.239 0.582434 -51.6284 0
158.668 -54.5125 -18.6173 0
148.462 16.3672 -54.2818 0
155.386 -9.34539 25.0631 0
151.28 6.28519 -29.0716 0
156.489 53.0275 56.7579 1
147.113 26.1094 -32.5279 0
149.52 21.7215 -33.9371 0
157.812 -36.1325 -16.8663 0
155.934 40.7242 28.6486 0
153.141 25.4949 -37.8781 0
159.688 -52.2015 -0.26132 0
158.169 46.4741 28.9372 1
150.747 34.8796 -38.5367 1
156.464 -38.2589 -0.263477 0
157.211 -32.2142 -6.8393 0
158.404 -44.8131 -31.3182 0
155.726 -30.7869 -39.1891 0
149.447 21.2096 41.381 0
156.646 -39.8711 -45.7782 1
157.66 -40.5337 10.1233 0
154.898 -27.7103 14.0496 0
156.697 -27.9742 -36.0636 0
156.37 -16.2964 5.73382 0
155.918 17.3987 1.26661 1
156.577 48.6056 13.2271 1
155.283 -7.03315 -7.02841 0
156.909 -18.0867 -5.46756 0
159.813 53.7656 58.933 0
157.169 -20.8132 -27.6919 0
148.756 27.7111 46.2676 1
156.648 -32.8097 12.4992 1
150.526 29.3755 11.4244 1
153.185 30.5592 46.9092 0
158.02 -14.7276 -25.7089 0
157.286 -15.8016 -30.13 1
150.564 37.113 -1.57655 0
151.992 48.3317 -30.9029 0
151.806 38.5208 -27.4348 0
153.632 26.8332 -26.0895 0
157.432 -47.908 21.6394 0
161.415 -30.9977 -24.3664 1
158.307 -36.1809 18.5929 1
155.88 13.5822 -21.1288 0
161.419 -29.7466 -42.987 0
153.647 35.0151 -12.7502 0
156.224 -9.22647 -46.4585 0
157.359 38.4173 20.3573 0
158.193 22.7408 -21.7379 0
155.507 3.02205 -12.3107 0
150.367 22.0608 58.6628 0
158.642 -12.0898 -59.1543 1
153.504 29.6634 55.5905 0
157.932 48.923 46.5745 0
159.487 -26.0371 22.1869 0
158.425 43.5258 -59.6181 0
154.864 32.2742 6.33486 0
154.112 9.95334 -49.3392 0
155.788 45.793 -42.3385 0
158.075 33.773 -13.4559 0
157.233 6.68221 -28.2938 0
155.634 7.60494 -41.0284 0
155.757 24.0611 -47.1176 0
153.949 24.7541 28.1228 0
153.95 18.6333 49.2456 0
157.781 -1.90215 -30.4056 0
156.527 13.1606 -58.1379 0
160.419 -49.5595 25.3296 0
160.166 -8.41704 -32.5346 0
157.694 46.6235 -8.48546 0
157.754 25.054 50.3511 1
157.299 19.6573 -57.1046 1
155.852 37.0664 6.80319 1
154.689 21.1228 35.6376 1
155.664 9.9791 48.6608 0
159.23 2.00056 -13.4115 0
160.477 -57.7449 38.832 0
158.168 -7.61689 7.56745 0
159.892 9.19286 -57.4156 0
159.834 -51.7092 -37.5782 0
158.574 -1.87265 10.262 0
157.176 1.32162 -55.1757 1
159.711 37.0765 -58.3097 0
160.151 3.70768 -57.5207 0
159.861 24.2959 -53.0936 0
161.319 14.1776 59.4953 1
160.39 36.9077 -49.0208 0
162.806 44.3119 -55.5049 0
161.143 58.9994 -44.7924 0
161.73 -11.0932 -27.1257 0
162.157 51.4848 -40.9603 0
163.845 35.1529 58.2688 0
158.264 33.8722 0.234284 0
160.351 -4.32903 -52.6858 1
159.655 56.2657 8.60858 0
162.658 49.1093 53.1278 1
160.696 40.062 12.2904 0
161.927 44.7584 -4.97644 0
157.373 29.634 -5.27532 1
162.098 -9.06083 0.739259 0
162.145 -56.1436 -53.4885 0
157.737 -18.4005 47.1873 0
160.586 -27.9717 26.611 0
160.785 16.9348 -29.1656 0
163.114 -42.6878 -44.3333 1
164.428 3.66988 -22.9757 0
163.605 -7.52719 -20.3362 0
166.086 -9.71409 -15.8693 0
161.907 33.7669 -9.49319 1
156.375 5.47825 43.1739 0
157.871 22.2037 9.06515 0
162.054 -19.4349 17.9531 1
161.523 -31.3503 2.78359 0
162.654 33.0378 13.4104 0
161.895 -25.7108 -7.3558 0
158.827 -25.6416 50.6373 1
164.097 -34.459 4.39971 0
162.307 -20.2856 8.46614 1
162.137 9.28316 -9.53502 0
155.992 -0.824556 32.0817 0
162.102 52.1734 10.4105 1
163.418 -14.1081 1.16353 1
161.322 -35.1223 25.6153 1
164.351 -36.0973 22.3257 0
157.722 -29.4222 39.0732 1
159.486 -1.69137 49.5385 0
163.1 54.0031 -35.4913 0
158.584 10.7171 36.9768 0
164.112 14.318 53.9597 0
161.38 -24.2433 57.1328 0
157.351 22.4796 29.476 1
166.41 40.9354 -51.2545 0
161.674 -19.21 -46.2976 0
163.971 -51.7191 -29.8267 0
162.915 58.1818 -14.1797 0
163.491 47.4479 19.1702 0
157.22 24.3588 17.4155 1
164.227 48.8226 3.41958 1
162.646 1.43964 -2.80131 0
166.995 30.9148 -58.89 0
165.476 45.8039 -6.77543 1
160.873 -45.584 33.9971 0
163.236 55.7354 -16.5493 0
158.614 22.5888 21.7879 0
157.262 9.62147 21.8939 0
153.537 9.79854 13.7504 1
158.043 -38.7406 50.7541 0
160.461 16.3108 32.2931 1
163.356 24.0006 19.8554 0
161.17 -42.7752 -28.1189 1
161.794 50.2824 -26.3828 0
161.665 -28.638 32.4664 1
165.406 48.0193 -33.3283 0
163.112 -37.2939 39.9009 0
159.326 3.73962 9.628 1
161.174 -44.5342 58.3072 0
164.954 4.00142 -6.90744 1
159.993 -11.6735 43.4505 0
161.176 7.05177 18.628 0
160.754 -9.11647 36.3047 0
161.032 -22.5171 37.0623 1
167.819 -56.5436 -33.9068 0
163.082 -45.8585 53.3527 0
166.139 -44.3817 -26.7267 0
165.044 24.6803 -54.4277 1
166.028 -30.9605 30.8205 0
167.04 -58.5172 -16.3396 0
164.591 -36.6445 -19.3422 0
161.835 41.0823 -25.3716 0
169.397 55.7281 -42.4872 0
165.003 -27.2496 -12.4096 0
164.934 -37.6201 42.6388 1
167.574 -44.7394 -21.2021 0
167.113 -35.6683 19.8033 0
168.448 -42.2649 -17.0878 1
156.88 34.3028 -40.7967 1
163.943 3.32581 38.1832 0
164.956 38.8417 49.87 0
165.48 -4.48863 9.51421 0
163.599 10.9869 13.684 0
165.115 -11.6881 15.9624 0
167.5 -23.7018 -1.99314 0
166.189 -41.4339 6.38603 0
165.065 -34.4684 51.9142 0
161.309 -3.9017 28.8121 1
167.793 -44.1159 51.234 0
167.896 58.7035 -54.9594 0
165.873 5.56409 25.4598 0
165.878 -33.3368 -46.4306 0
163.912 -6.97265 46.0075 0
160.694 25.3568 36.2319 0
165.924 -20.4859 -32.6196 0
168.64 51.7288 -57.5336 1
161.705 38.5641 38.1619 0
168.105 -22.5076 -14.0538 0
168.642 -15.0485 -16.1775 0
168.225 -19.4022 5.31892 1
165.697 25.0718 49.1956 0
169.307 -22.2807 -28.4002 0
157.508 30.4315 -32.0191 1
163.423 28.5835 -20.6541 0
165.412 -15.8313 29.0576 0
167.867 44.4526 -23.5027 0
168.26 39.1179 47.2523 0
164.887 17.68 9.51619 0
164.386 45.0062 39.3703 0
168.193 -28.2385 38.0204 0
166.328 31.4218 31.0145 0
165.611 57.2551 44.9233 0
166.656 -52.9689 42.1457 0
169.82 59.0026 54.5408 0
167.529 23.5681 11.0837 0
164.382 23.7518 -28.8985 0
166.502 5.8213 -2.43521 0
163.881 20.3547 -12.3341 0
167.444 -17.6254 51.4524 0
165.814 24.959 0.85376 0
171.199 -24.1111 42.6244 0
171.121 -56.3665 -50.7653 0
164.435 27.6309 -33.6717 0
169.38 -45.2023 45.222 1
169.242 -32.0073 -34.9446 0
163.915 29.9389 -4.33608 1
165.704 31.6383 -45.2633 0
164.898 31.7969 -34.9478 1
168.734 9.86063 -7.29189 1
168.693 -39.7653 -42.0965 1
166.441 -9.9822 33.4017 1
167.859 -49.0123 26.2774 0
168.41 33.3868 -37.0702 0
167.482 22.1086 -38.7368 0
163.058 -10.2003 -48.9999 0
166.639 17.4783 -55.697 1
167.982 -9.69819 54.2928 0
169.049 5.5458 -21.2186 0
165.229 30.0658 -13.482 1
167.943 35.6062 -7.53273 0
167.358 -37.5355 10.1703 1
165.232 -1.95826 -53.8406 0
167.714 7.39963 40.5816 0
169.069 18.2252 49.5709 0
165.344 13.1259 -46.0908 0
165.605 -5.55997 -37.9878 0
167.732 1.16455 -38.8139 0
167.72 22.6356 38.0041 0
169.483 0.79608 43.9602 0
170.358 17.5171 46.0412 0
166.585 -58.4197 14.978 0
170.238 23.3082 -18.1694 0
170.178 0.0318772 -14.3007 1
167.084 20.1318 24.8691 1
166.63 -18.1403 -54.5633 0
168.925 0.79926 -54.4203 0
170.794 20.0029 30.8198 1
170.573 5.08873 32.8958 0
170.188 34.3872 38.4606 0
169.519 2.12976 -0.109251 0
167.718 -41.2616 -5.04447 0
167.183 45.1115 31.9888 0
168.319 44.0268 10.8411 0
170.055 9.21822 -39.8041 0
168.676 -48.8941 0.0714425 0
168.398 54.408 35.2904 1
169.01 9.26692 6.05629 1
171.078 9.14689 18.8927 0
169.458 52.0392 32.4338 0
170.49 -8.21186 -57.4471 0
166.135 57.0467 21.3169 1
170.416 -21.5556 59.1791 0
171.166 25.0626 -6.55232 0
168.897 2.38668 16.7338 1
170.735 -38.0573 22.2276 0
170.174 38.5839 -2.73036 0
166.001 -12.3838 29.0856 1
169.908 9.16178 -55.3353 1
171.146 10.0696 57.0362 1
170.554 -44.156 -44.4007 0
166.857 -36.0562 -49.7066 1
166.649 57.5065 2.13589 0
169.454 59.0558 3.12291 0
171.226 -17.4153 19.173 0
52.1121 -60.7153 23.9675 1
52.3798 -60.2372 11.169 0
54.4781 -61.0602 40.5419 0
58.0129 -61.7251 37.1848 1
59.0825 -61.2325 20.0265 0
59.4777 -60.0322 55.8837 0
56.0442 -61.569 3.57003 0
66.4248 -59.9642 -33.0734 0
70.3898 -62.2778 -55.7513 1
78.667 -60.2424 -53.3053 0
76.6411 -60.2758 -34.35 1
83.6286 -60.5365 52.175 0
87.6229 -61.6832 15.2759 0
89.7312 -62.2047 31.9492 0
91.5797 -61.2626 20.9805 1
94.3667 -61.5235 37.8601 0
92.8432 -61.2874 -34.6933 0
100.761 -62.2468 -23.7501 0
100.628 -62.0715 47.8745 0
105.671 -61.6179 14.2293 0
111.546 -60.1739 56.0839 0
112.585 -60.7978 -53.5159 0
118.25 -61.671 -45.9331 0
118.135 -61.3364 52.1834 0
118.286 -60.2913 -7.63821 0
124.525 -61.8512 -11.6523 0
127.865 -60.339 27.8296 0
131.119 -60.6311 -19.6919 1
136.169 -60.3754 -30.8042 0
134.396 -60.3876 -9.96599 0
134.396 -59.8501 1.44781 0
138.759 -60.9613 5.24958 0
144.274 -62.2588 -31.8678 0
148.279 -60.7778 -42.8245 0
153.062 -62.4544 -58.1214 0
149.344 -60.6005 1.42254 0
156.682 -62.143 53.8296 0
157.229 -61.474 -3.43937 1
161.143 -61.0006 -44.7924 0
162.915 -61.8182 -14.1797 0
167.896 -61.2965 -54.9594 0
169.82 -60.9974 54.5408 0
169.454 -60.9442 3.12291 0
47.6363 60.8424 18.7463 0
46.7522 61.0742 -4.3441 0
48.6697 60.325 -46.2811 0
51.1318 61.3094 -49.6461 0
53.7711 61.4942 -19.1257 0
53.2533 61.6712 -31.289 0
62.062 60.283 -28.2192 0
64.0777 61.2132 17.9174 0
63.7907 61.7683 -10.2706 1
63.6144 61.8436 -51.0004 0
66.3935 60.9758 5.45888 0
73.6382 60.3997 25.7951 0
75.1899 62.1776 -47.1159 0
71.8288 60.3731 46.6094 0
81.6491 61.071 3.54118 1
78.5608 60.8285 51.8673 1
86.7684 60.6661 -11.7813 0
86.1059 61.5291 -31.2198 0
90.9867 60.3732 9.54917 0
103.011 60.1365 -18.7897 0
97.9367 60.6728 42.9373 0
98.3136 61.0858 22.3367 1
106.965 60.9166 35.6884 1
107.898 61.9614 44.854 1
113.242 61.9836 -16.309 0
116.62 60.0104 13.7376 1
125.335 60.1917 -25.7378 0
126.331 61.3966 -2.11377 0
122.073 61.4511 29.8629 0
129.962 62.2788 -4.17323 1
128.713 61.369 54.1107 0
133.366 60.4398 36.0756 0
141.026 62.1177 10.7882 1
140.445 60.8547 25.1373 0
143.576 60.2092 38.6159 0
144.871 61.579 10.6854 0
155.044 61.6533 -25.8652 1
151.592 61.3754 18.5832 0
155.925 61.2006 44.2394 0
158.369 60.0031 4.90458 1
160.477 62.2551 38.832 0
167.04 61.4828 -16.3396 0
166.585 61.5803 14.978 0
49.2055 26.3014 -60.1064 0
62.2155 19.9752 -61.0977 0
57.6219 -16.1183 -62.2152 1
63.2491 -7.14394 -61.2825 1
59.4343 -54.8495 -61.7169 1
61.0369 -29.2667 -61.4445 0
68.1045 8.81264 -59.9362 0
69.1598 13.2122 -61.6431 1
67.7501 -23.8533 -60.1731 0
69.1929 32.597 -62.2897 0
76.1645 43.6536 -60.6332 0
79.4726 55.225 -61.3258 1
83.7323 -48.9872 -61.2255 0
87.2454 -51.822 -60.6578 0
90.2104 55.2324 -60.3373 0
89.2203 23.8933 -60.6052 0
86.9952 -9.11225 -60.0724 0
93.2126 17.2749 -61.508 0
99.8094 -32.3456 -62.3328 1
102.194 -28.4654 -60.5062 0
105.974 12.1344 -61.7342 1
106.359 -17.805 -61.0023 0
110.586 -46.8995 -61.8874 1
115.235 30.7362 -60.5002 0
113.535 -4.57259 -61.3619 0
114.625 7.07603 -60.4191 0
122.098 42.5384 -61.7298 0
116.544 20.6696 -62.0664 0
119.392 -5.96591 -60.7683 0
124.615 -27.1656 -61.6356 1
129.625 -22.0426 -62.2004 0
136.537 16.8012 -61.0231 1
136.354 -5.10278 -61.8232 1
138.824 -14.0907 -60.6525 1
140.34 -53.3964 -62.4187 0
146.223 -30.4098 -62.1287 0
139.734 32.8596 -60.6953 1
142.607 14.0691 -61.5051 1
154.271 47.5116 -62.025 1
159.813 53.7656 -61.067 0
150.367 22.0608 -61.3372 0
161.319 14.1776 -60.5047 1
163.845 35.1529 -61.7312 0
161.174 -44.5342 -61.6928 0
170.416 -21.5556 -60.8209 0
52.0765 -6.19356 62.3091 0
62.3799 56.5805 62.14 0
71.4242 16.0973 60.5253 0
73.6665 -18.5917 60.8606 0
75.6629 -45.6718 60.2017 0
78.323 22.5504 60.441 0
86.3828 13.6599 61.4138 0
85.0469 36.7548 61.8353 0
82.8181 5.59468 60.0169 1
79.6864 0.0945701 60.3631 1
85.1491 -12.9949 61.5461 1
92.013 6.33661 62.192 0
97.0957 0.577036 61.7449 0
103.192 36.6254 61.8981 0
99.6176 -11.1547 61.6964 1
107.353 23.8416 60.8998 0
109.961 42.5018 62.2661 1
109.606 -25.5415 60.4793 0
118.029 39.128 61.6058 0
115.286 -39.4768 60.7419 1
129.18 -11.7817 62.1076 0
132.585 0.466158 62.2195 1
141.61 3.26908 60.0848 0
138.068 -54.928 60.9274 0
142.47 -7.80024 61.7947 0
136.369 -37.3807 61.6562 1
144.005 -38.55 61.4611 0
148.61 -29.7396 61.3098 0
147.717 -19.0949 60.3986 0
146.288 3.56218 60.0454 0
148.027 46.2103 60.185 0
153.062 57.5456 61.8786 0
148.345 31.3579 61.4193 0
155.331 -16.276 60.1236 0
158.642 -12.0898 60.8457 1
158.425 43.5258 60.3819 0
156.527 13.1606 61.8621 0
159.711 37.0765 61.6903 0
166.995 30.9148 61.11 0
153.062 -62.4544 61.8786 0
