87.4619 8.88657 -22.8524 1
88.0714 8.20509 -47.9974 1
89.537 8.34946 -0.84264 1
87.3944 25.479 -38.8129 1
88.9382 9.74461 9.7209 1
90.0657 3.29802 59.278 1
88.8662 14.7963 15.5545 1
88.4863 -14.2546 -59.0326 1
87.8337 56.886 51.5245 1
87.2339 -56.6357 -55.4102 1
88.238 -25.3486 -40.8664 1
87.587 -35.7502 -54.2942 1
91.6871 9.27914 -23.697 1
88.3722 9.49972 42.0805 1
87.8536 -4.97828 -6.76052 1
89.1923 -54.8836 -50.1174 1
90.6471 -3.86296 0.0293771 0
87.1592 -17.3808 -7.70394 1
88.4319 -3.46696 18.6069 1
91.7449 1.64792 -11.1083 0
92.3696 1.02779 5.54627 0
91.1549 7.12224 41.1597 1
89.6483 -16.0319 -24.4337 1
92.5428 -20.1758 -43.4296 1
91.238 5.9385 25.4585 1
89.3061 -18.6677 48.4986 1
94.0727 1.7323 28.2039 1
88.7888 -24.8724 56.9076 0
88.2797 -7.5846 32.8085 0
89.6322 -12.7832 22.9553 1
91.6995 -18.4526 -54.616 0
92.6529 -0.0836317 -46.982 0
93.24 -6.62075 52.0947 1
95.5568 15.707 17.9565 1
91.1326 20.7503 24.7645 0
88.8091 35.2842 28.0157 1
95.1284 -2.18455 50.6964 0
87.9133 -53.8503 54.1128 0
88.5817 43.7573 -52.002 1
88.1296 29.2667 13.6492 1
92.6464 43.6682 -56.9752 1
91.4323 -16.5688 6.29103 1
92.008 39.3907 43.7968 1
92.9504 -6.21741 -32.0448 1
95.5756 0.461061 -40.1012 1
90.2825 -8.90737 9.62026 0
98.4928 3.46184 21.2069 1
91.677 -17.9175 16.9443 0
96.5509 -3.50461 0.231992 1
87.7986 -34.4794 22.2251 1
86.9467 27.1177 -25.3895 1
93.5062 0.371737 -56.4051 0
90.6643 -33.7843 47.924 1
87.487 -46.2108 -19.1747 1
89.1871 -46.6336 57.4453 1
95.1413 14.373 39.1231 1
89.6204 -51.5303 -35.3712 1
97.5765 -7.64473 13.5203 1
89.2366 -46.1414 -10.769 1
90.932 -57.782 41.8864 1
93.9296 -49.2021 47.6249 1
93.5248 -51.0501 58.461 0
100.254 13.355 33.9173 1
97.0566 23.0618 34.9552 1
92.5664 -54.6171 -31.1485 1
87.609 -33.8288 8.04681 1
94.7769 -46.4155 -45.3355 1
96.0904 -40.0702 -42.4287 1
90.6567 -43.3232 29.8415 1
92.5897 -33.2966 29.3073 1
88.6498 -41.4151 2.40179 1
94.2424 -38.2964 -59.6094 1
95.6403 -41.9953 51.9242 0
95.7292 -22.7659 -51.2709 1
95.2937 -9.75232 33.9859 1
96.5862 -33.4603 -40.3399 1
90.6606 -22.6534 32.3017 0
95.2716 -5.75205 -59.0191 0
98.2921 -7.72031 -52.3515 1
99.5327 -43.0899 58.5834 1
95.6632 -26.7603 41.6117 1
96.6205 -18.1743 52.7577 1
97.0303 -23.3141 29.1793 1
99.8031 -1.15635 38.7739 1
102.659 -7.8643 27.3408 1
100.269 -23.503 54.6398 1
101.253 -19.9703 -48.4895 1
101.526 19.6089 27.4867 1
88.8572 -29.5847 -26.8362 0
102.291 -31.3145 -44.67 0
90.1453 26.3294 10.2999 0
102.731 -8.36922 -50.6462 1
93.0021 53.7958 -44.9958 1
104.368 -8.36349 19.7498 1
88.3397 22.7051 50.6533 0
99.6596 -15.4474 5.96393 1
92.0912 50.5048 -30.9791 1
88.4975 -48.8318 10.8546 1
94.6645 45.3624 -42.5991 1
97.9562 -31.4466 -51.5857 0
91.7396 55.1779 32.3708 1
98.8115 57.0275 -36.72 1
95.8924 52.8463 46.1597 1
97.3497 57.8527 -58.1284 1
94.4453 58.7418 28.1452 1
101.019 -40.1372 -37.4041 1
95.5833 37.0977 37.169 1
91.6392 28.7815 43.0856 0
89.8921 28.6488 53.8386 0
89.4673 21.7741 -11.8687 1
93.1003 17.859 -26.6749 1
94.3435 -9.69664 -17.2043 1
92.3482 -28.2702 -16.5494 1
97.8409 -26.3539 20.7876 1
97.6296 -22.5115 -32.1225 1
98.6855 4.24469 -37.696 1
90.4228 22.9205 -44.0692 1
100.436 -21.8182 -30.3185 1
94.3216 38.6038 -35.7634 1
103.415 -33.6484 -57.5509 1
101.435 11.2803 14.3712 1
88.0541 45.4402 -18.5553 1
104.228 -10.8391 -36.522 1
102.174 2.25498 12.1116 0
88.8921 34.2806 -16.8455 1
97.6001 45.7479 -33.0774 0
101.264 -32.0099 54.0596 0
94.6821 -24.9988 -5.03037 1
103.075 -14.9421 23.7031 0
99.7213 1.09521 -27.1805 1
99.5347 11.7498 -34.6354 1
97.8809 -29.3201 -2.56085 1
97.2131 -35.9135 -12.5357 1
102.469 -5.35576 44.0986 1
108.232 -3.65379 -42.2757 1
107.609 -0.154644 -30.7671 1
97.9215 56.2524 36.7095 0
89.8173 15.6567 53.8358 0
97.1197 -44.3071 -10.7193 1
105.707 1.25863 25.0534 0
99.3711 -34.3778 -22.5124 1
98.7462 -42.2193 -29.7594 0
93.1252 14.174 -51.378 1
91.4519 23.7576 -51.8032 1
94.4185 28.6184 -53.251 1
98.1875 -45.903 35.7403 1
93.9832 30.465 57.046 1
95.5573 44.6549 -25.7272 0
99.1902 31.6538 59.5574 1
100.089 -3.68594 -11.4069 1
100.097 32.2444 47.0674 1
99.3692 17.1334 -58.0264 1
103.902 13.8695 -35.0689 1
100.991 20.8323 11.3814 1
99.3032 32.4595 41.6161 0
98.4876 6.75804 -54.2976 0
88.6682 36.6997 -2.66116 1
105.214 -47.4863 -46.5228 1
102.142 17.9502 48.5631 1
101.409 9.12516 57.3546 1
88.6301 -51.9358 1.48154 1
101.965 -12.504 -7.23708 1
100.515 0.192254 54.7947 0
87.7398 52.5848 3.4309 1
99.0993 47.3024 44.6174 0
104.535 -49.5347 57.1236 1
103.191 1.72758 0.96427 1
98.1762 11.1712 -9.33302 1
104.743 -14.9688 -23.2713 1
102.416 -12.3888 -15.4131 0
89.4296 42.4649 18.5455 1
107.734 -4.97091 6.98905 1
107.433 -16.586 -35.1253 0
99.452 26.7404 -40.0913 1
98.0027 -50.1892 -13.8011 1
90.0864 -55.6905 -7.62553 0
107.339 9.19278 9.21127 1
99.7882 -52.5246 -28.7242 1
104.225 -55.9598 -34.8178 1
94.0422 -51.2376 -0.0660437 0
101.679 8.55297 -23.2958 0
106.798 4.32389 19.4092 0
106.91 -40.6858 -31.9435 1
95.2326 -52.0743 21.5832 1
90.3776 46.0928 -3.4927 0
97.82 -50.8678 17.7063 1
98.4176 28.1725 26.0819 0
91.8362 -44.4968 13.9335 0
105.381 21.2392 -46.8375 1
96.1827 38.8911 -22.0216 1
106.106 4.60393 46.0842 1
98.8699 38.1223 -33.127 0
92.1103 53.7974 4.60695 1
104.135 1.89058 -21.2824 0
99.0187 -54.2696 30.0774 0
110.251 -53.5781 -44.0404 1
90.1454 48.6496 12.848 0
96.1785 35.4823 -15.1069 1
95.0723 47.8737 23.9177 1
95.6365 -29.7039 10.6835 0
102.438 32.4407 32.7991 1
102.413 -43.7082 35.3848 1
106.841 18.7733 57.637 1
106.367 -8.96087 -58.8043 1
101.768 -26.612 14.9234 1
107.152 -17.0367 11.0017 1
110.638 -17.3262 16.5891 1
94.6137 33.387 1.41675 1
91.7641 58.2244 -12.5191 1
102.682 1.39455 -56.4776 0
101.279 27.7609 13.2219 1
106.155 -22.694 -5.88057 1
96.8079 51.6444 5.78644 1
102.361 23.6759 2.3801 1
97.9016 46.0619 16.1677 1
98.8065 18.1527 1.00741 0
99.4061 -59.7741 -1.27434 1
107.564 3.21912 -0.109158 0
106.78 -10.816 48.9442 1
107.508 -18.5912 -18.0806 1
99.0832 23.4172 -19.1579 1
92.2748 53.4308 -18.5406 0
104.955 22.6922 -30.9116 1
102.79 12.5118 -12.7077 1
98.1692 49.5761 -13.2338 1
106.204 25.9215 -34.5404 0
104.638 57.3794 -29.8687 1
100.855 41.6674 -26.5415 0
105.845 -20.8511 46.5784 1
105.135 -26.7058 39.0755 1
100.181 34.7324 -7.60399 1
107.234 17.4658 2.8566 0
102.588 41.744 15.0948 1
110.071 9.95136 2.1952 0
102.987 57.6014 4.90663 1
100.338 -49.9775 13.6206 1
103.084 53.1334 -16.2608 1
102.914 41.7678 -2.81632 1
99.3312 21.0267 -4.98547 0
107.119 -55.5876 -55.7661 1
105.031 38.2193 32.7596 1
102.271 33.3366 -28.0769 0
106.177 -56.5829 -16.9227 1
105.892 -56.0205 -10.649 0
106.476 42.4014 17.0165 1
103.787 53.4406 31.9784 1
106.949 55.8783 -46.6041 1
107 48.8648 6.31749 0
102.075 45.424 -50.8876 1
114.727 -55.8801 -47.4003 1
105.458 1.21049 -49.3679 0
105.22 -31.0269 4.44688 1
108.259 -59.7919 57.5758 1
100.868 -58.5907 43.2104 0
108.194 -27.4513 -56.3602 1
108.261 11.9505 -17.6958 1
107.862 45.2455 -25.2182 1
106.506 40.6707 27.9629 0
103.899 -41.1006 8.15255 1
108.859 25.873 27.0729 1
109.121 24.5245 14.1211 0
109.517 -2.36144 -18.3838 1
111.104 2.27446 -17.0727 0
98.2131 -39.1191 15.0454 0
111.499 33.2835 25.1484 1
106.433 24.6364 -16.9942 1
113.986 7.93155 -23.2751 1
105.528 17.861 -4.02367 0
106.862 44.2737 -47.7703 1
113.021 23.5552 30.3221 1
111.833 21.8416 40.5144 1
105.921 -36.4187 21.037 1
105.6 43.2676 44.6623 1
111.777 15.2399 -29.1958 0
105.812 -24.1174 34.0452 0
100.298 -45.1191 -4.59702 0
110.684 55.5781 57.9898 1
102.867 49.7155 58.562 0
107.37 37.3994 -57.2701 1
110.801 -31.3578 17.4083 1
113.172 49.3964 -49.7255 1
108.987 -44.9557 -21.9141 1
110.46 42.0149 56.6158 1
112.716 44.584 49.1084 1
111.556 -18.9787 -14.7932 1
110.541 22.3921 -58.3447 1
116.993 49.4618 -54.8914 1
110.638 29.1291 -47.1533 1
102.056 -46.4722 2.59275 0
111.572 45.002 -36.2456 1
111.378 9.54275 44.0105 1
107.486 -46.6361 4.02924 1
114.856 -13.3176 10.3 1
115.327 11.7739 42.6325 1
109.318 27.2356 -12.0529 1
115.234 18.088 -18.7239 1
107.775 54.969 -32.4102 0
106.71 35.401 -41.5763 0
105.655 -54.4225 -3.28652 0
111.746 32.1916 -23.6964 1
104.174 -51.8177 49.3683 0
112.98 32.7436 -46.3858 0
113.247 7.86768 55.7264 1
108.314 -35.6619 -15.1197 1
113.822 35.9054 50.8094 1
107.934 40.6757 -2.3151 1
110.911 14.6989 -41.8437 1
116.685 34.071 40.796 1
115.223 1.06011 56.5505 1
116.787 24.3942 -59.8219 1
114.104 32.787 -33.629 1
116.624 15.8826 -48.8721 1
117.763 28.7564 -34.2996 1
119.112 30.7678 47.234 1
110.104 -30.1618 33.7658 1
112.137 -7.65745 39.7787 1
120.693 40.6568 -59.8797 1
110.553 37.344 -20.0006 0
113.657 -17.3409 26.8249 1
105.517 -44.8725 26.427 0
106.454 -41.5399 46.0442 1
118.654 -19.1543 22.781 1
108.98 -31.1484 48.5963 1
111.652 -41.2312 45.9272 1
109.52 -5.53686 -56.6527 0
116.869 45.0148 -34.7031 1
111.381 -25.6028 39.533 0
107.429 57.0556 36.6221 1
119.407 -10.7851 14.0556 1
109.626 59.0128 42.7963 1
113.436 -8.461 23.4289 0
109.838 -50.99 45.8303 0
116.25 20.6294 -30.8962 0
112.455 -32.893 -9.7341 1
110.749 50.6889 -13.6603 1
118.697 11.6952 -43.0409 1
113.196 37.181 -7.87285 1
112.693 12.8837 24.1151 1
115.744 -1.16663 -37.1399 1
116.003 32.0986 -19.7338 0
112.622 42.7773 -2.1934 0
116.532 23.9436 49.569 0
123.123 43.2513 -56.8042 1
116.491 11.3987 23.6431 1
119.249 42.1411 -20.7501 1
111.889 0.380026 12.9799 0
115.485 0.124049 35.7993 1
114.931 -29.2108 1.67275 1
110.468 -49.6046 12.4253 1
108.903 57.0781 14.1358 1
112.58 -1.39111 27.6854 0
114.24 -12.8638 -29.9163 1
108.803 52.7532 24.0298 0
113.774 -11.7217 36.5858 0
110.018 -57.7269 23.2266 1
124.16 35.471 -59.0028 0
110.224 49.0139 -0.0104386 0
120.639 6.29653 31.0642 1
116.946 -2.43246 22.5063 0
115.548 -49.2002 16.3942 1
115.56 -16.8752 -4.93391 1
116.677 -36.4041 14.7865 1
114.084 -52.674 34.9273 1
113.17 -22.6881 -23.0584 0
115.07 -41.9489 33.1897 1
122.398 -22.5362 7.79166 1
115.026 -36.5991 23.9423 0
115.461 -13.5767 -39.5417 1
118.636 -32.6006 27.4767 1
109.553 -32.5536 -45.3406 1
120.025 -39.9365 37.3586 1
124 -19.2863 23.6123 1
121.666 34.5953 -23.9618 0
112.587 -45.0409 -2.48742 1
112.959 -22.063 -46.2741 1
118.958 -55.1055 41.0881 1
116.079 40.2956 29.0921 1
117.424 -8.89725 -1.31137 1
117.346 -50.5952 26.8415 0
113.178 -28.0886 -31.0191 1
120.186 -20.114 -36.0066 1
116.604 -33.8249 -33.7488 1
114.759 -45.8528 56.6222 1
112.743 52.6555 8.0842 1
118.334 -9.63319 26.966 0
119.647 -55.2723 49.4091 1
112.175 -59.8623 -6.45123 1
119.178 -18.4279 -20.0162 1
118.793 -40.501 -44.0995 1
116.155 -38.1056 -58.4345 1
117.88 -22.0746 -49.2143 1
115.831 -17.0971 56.934 1
114.869 -54.0442 1.66672 0
117.548 53.8773 8.50414 1
114.611 -34.0012 -54.0534 0
119.713 -29.4349 55.8815 1
122.209 -35.3305 43.8155 1
119.742 -16.7682 55.0979 1
117.776 -45.468 -35.4336 1
119.113 -2.75039 -48.2891 1
120.709 -8.67666 -22.3967 1
117.967 -33.2166 -48.4614 0
122.37 1.3988 -50.2948 1
122.751 2.3984 -57.9508 1
122.978 -15.4352 -55.2217 1
118.663 -45.8687 -29.8683 1
124.245 -49.0454 51.5392 1
121.932 -50.9478 -53.7616 1
119.583 -48.9847 -23.7743 1
123.491 -54.0883 58.0573 0
120.377 -5.98094 -1.43636 1
122.973 -7.18494 52.9852 1
118.214 -59.3075 -3.78696 1
119.573 -59.8417 -9.17171 1
121.307 -15.306 37.4924 1
123.405 -19.5406 43.7834 1
127.228 -23.9455 42.1934 1
119.092 0.779005 -6.10802 1
113.89 -43.3975 -17.7082 0
120.187 -11.2931 34.6708 0
119.207 58.3455 16.5888 1
130.234 -21.7823 35.8427 1
125.505 -31.8798 58.5432 1
125.23 -13.1259 -42.5453 1
114.777 57.2411 27.1333 0
129.156 -29.4411 51.0886 0
127.676 -20.019 -53.0009 1
121.347 -3.006 50.273 0
121.798 -1.41862 -20.0881 1
123.96 -26.5559 -46.8227 0
121.817 -3.111 42.5325 0
118.068 -40.9932 -6.59129 1
126.681 3.39712 55.3215 1
128.236 -24.5369 21.3476 1
121.191 10.1954 49.2271 0
118.622 -55.6373 -28.339 1
116.938 56.0214 -24.361 1
118.694 -46.9675 1.19647 0
124.389 -24.3829 1.27159 1
122.626 -40.4791 -4.19461 1
111.174 35.2633 15.5491 0
121.659 48.9505 -37.7889 1
108.705 31.4199 8.99584 0
114.046 31.6611 2.79083 1
115.632 28.89 -11.7338 0
127.645 -31.564 1.22099 1
121.118 -58.8345 -24.9394 0
121.158 -59.2988 -33.0441 0
118.478 50.3467 53.1912 0
126.626 -10.2346 -12.6116 1
125.219 -21.5515 -11.2111 1
130.054 -33.4722 5.27729 1
127.269 -41.911 36.8771 1
119.702 12.7428 -14.551 1
127.394 -5.31209 -44.6331 0
127.468 0.408345 -8.65118 1
130.732 -17.7665 -1.55188 1
132.788 -27.7865 11.1031 1
131.383 -30.041 -7.32796 1
119.464 23.5755 -21.8274 0
117.284 38.1253 11.5349 1
131.53 -40.6558 38.0592 1
119.697 38.4072 20.0481 1
132.832 -31.1758 38.9168 0
125.874 -30.9987 -18.4935 1
121.138 -30.6732 -25.1261 0
121.048 -38.3394 -18.825 0
127.663 -4.53581 41.0718 1
129.587 -4.19515 -52.5929 0
119.16 47.0861 33.2459 1
122.688 48.5853 28.4656 1
120.474 31.7746 9.98198 1
125.533 41.1359 12.1047 1
130.511 -28.1699 -19.6597 1
131.706 -43.1361 50.4921 1
114.887 52.729 36.7806 0
123.505 11.4971 -39.3984 1
128.052 3.1808 -45.9113 0
124.692 18.7604 -56.0754 1
122.693 27.1069 -41.7361 1
124.906 45.4969 -44.4961 1
122.104 56.2489 28.6131 0
122.838 -0.222854 8.0562 1
127.684 23.8469 -51.9389 1
123.344 -44.2916 19.75 1
124.334 -59.2872 12.9792 1
120.489 7.3121 13.8793 1
123.704 4.41452 21.533 1
126.766 -46.5749 28.926 0
128.768 -2.14079 29.5479 1
126.074 -56.4887 25.574 1
124.999 35.5802 -52.521 0
126.448 -54.3828 2.05008 1
128.541 -44.7454 17.5461 1
132.822 -42.0925 30.2953 0
136.296 -28.1033 13.1675 1
125.763 -33.9347 -34.3702 1
130.519 -26.4648 -29.1641 1
131.706 -11.3928 19.389 1
123.562 51.9565 -4.41904 1
123.536 45.4388 3.39059 0
128.298 -15.5545 49.4777 0
136.633 -27.1537 -17.9136 1
116.384 15.8574 -2.78517 1
119.995 16.4926 1.13296 1
123.496 18.6456 44.405 1
128.49 -44.0507 -9.40906 1
126.7 1.53512 10.846 0
129.696 -42.9169 7.82733 0
122.542 22.8885 12.7324 1
132.674 -48.4106 16.7539 1
125.607 22.5593 36.762 1
129.384 15.8933 47.9917 1
125.537 24.9471 28.0451 1
125.894 26.003 22.893 0
122.96 39.9501 46.3711 0
124.974 14.4325 -0.215234 1
124.191 23.0868 0.268702 0
135.998 -17.616 -8.21487 1
132.761 -2.02112 41.0546 1
121.909 39.3641 -10.9701 1
125.062 47.7619 -21.2638 1
131.227 -44.236 -17.1583 1
124.262 26.2749 -8.29354 1
127.869 44.3905 -6.78501 1
128.621 27.3944 49.1745 1
127.176 -40.0019 -53.933 1
134.344 -46.7409 -15.7003 1
127.214 40.3787 35.3554 1
129.299 37.2907 49.6721 1
128.159 -44.4448 -23.5206 0
127.028 56.4115 -23.6242 1
124.874 4.49715 -26.8179 1
128.553 29.4778 -0.317001 1
129.22 -4.95258 -27.5762 1
126.705 54.6429 -15.7475 0
128.061 25.6878 -12.9098 1
128.636 -7.95138 -36.6874 0
131.861 6.9419 55.8661 1
129.307 11.733 -55.0823 0
133.064 -57.2445 16.0714 1
129.314 -59.7166 -30.6686 1
129.976 39.4375 12.2798 1
132.145 3.19084 -39.904 1
130.899 -36.2643 -46.9986 1
135.476 -43.3131 50.055 1
131.942 9.43329 32.4215 1
135.515 3.38896 59.5386 1
131.264 11.6371 21.9878 1
136.388 13.2403 47.1636 1
129.244 18.0396 -38.6541 1
131.98 -3.13722 16.4934 1
130.294 -8.96711 54.5596 0
133.698 22.9864 34.76 1
134.92 -8.90577 -20.7749 1
131.441 39.7528 32.4539 1
138.681 -7.87885 -18.4455 1
130.522 23.9222 53.9786 0
139.406 10.6985 37.6833 1
139.901 -26.9974 -21.7293 1
128.448 -43.4711 -32.9446 0
131.266 -49.7322 3.74076 0
132.675 -53.911 -4.64284 1
135.543 4.24083 24.476 0
130.626 13.0939 2.30403 1
131.914 -3.59455 5.2969 0
133.047 -40.4525 -26.9195 0
133.488 -35.3418 -30.8903 0
136.942 -10.1547 17.8611 1
134.294 -32.4867 -45.198 1
134.896 19.3211 23.1225 1
130.042 20.9726 10.7188 0
126.73 54.5915 57.4136 1
135.799 -14.3474 -32.3412 1
137.877 -26.0072 -33.0291 1
130.01 32.5162 -47.1709 1
126.4 58.7276 59.5843 0
128.645 14.7531 -20.8324 1
122.994 48.7221 47.222 0
138.522 -11.8612 -4.27866 1
119.284 53.637 41.3264 0
140.271 -41.1925 -8.82028 1
132.62 22.332 19.1819 0
123.089 19.5655 -27.3168 0
134.94 3.25838 -25.4773 1
135.497 -56.0497 -16.3961 1
127.408 30.4222 -25.0619 1
129.935 44.5609 -37.9272 1
140.97 -46.4807 -8.97517 0
130.45 -49.3369 -47.4959 1
133.863 -40.5129 -36.6866 0
131.239 10.4325 -17.4095 0
130.038 27.7797 -29.6657 1
129.179 -59.6377 -51.8649 1
131.786 49.1811 -19.6133 0
139.233 -38.1261 -23.7189 0
136.662 -7.57366 1.25986 0
131.58 52.6545 24.5876 1
138.979 -41.8436 10.5197 1
134.262 32.8756 -45.681 1
134.559 16.0225 -33.4201 1
134.143 33.8239 15.6461 1
137.36 30.8777 27.5649 1
134.873 -49.3828 -31.9323 1
140.117 -33.0341 -42.1597 1
133.673 51.5414 -45.5812 1
135.895 -50.249 -50.3449 1
131.448 19.5114 -30.7309 0
137.488 -23.672 21.9355 1
134.636 58.4633 10.2604 1
138.292 -56.9937 2.32424 1
133.533 50.0379 -52.6267 0
134.677 11.2397 -39.0304 0
123.132 55.1541 48.9528 0
135.461 58.7237 -40.1469 1
141.153 -44.8188 -35.5516 1
134.873 10.9458 2.39383 1
136.622 30.8229 42.7704 1
130.174 59.4252 48.2983 1
132.412 43.3154 -5.71311 1
137.784 -23.8351 29.2659 1
134.442 24.0436 -18.9338 1
137.407 -49.5374 -59.5981 1
138.761 -12.6792 36.6331 1
138.37 -41.7817 22.4855 1
139.324 -43.8188 44.8501 1
135.994 57.4651 26.2441 1
134.426 1.3018 17.0911 0
137.67 38.333 13.3183 1
134.437 -58.1974 57.9576 0
145.184 -30.4185 -27.6451 1
133.973 11.3657 13.7049 0
132.684 58.9078 39.3455 1
135.01 44.7616 -25.312 1
134.353 48.1574 45.9254 1
139.887 -55.9656 52.6301 1
136.842 -30.8039 -55.8465 1
138.412 58.2416 33.2946 1
138.908 -54.8844 42.2494 0
138.824 52.6411 34.344 0
139.676 49.3473 12.1488 1
140.143 -14.9999 -35.4639 1
136.669 42.0614 -9.79912 1
139.107 52.6496 51.1504 1
139.889 -19.9872 -46.3379 1
139.069 54.134 -0.249589 1
134.28 -5.25087 -45.1041 0
136.175 25.8712 2.92909 1
147.884 -34.3545 -35.1078 1
137.569 -7.72108 48.8392 1
138.151 -13.4405 -48.4191 1
143.157 -29.3048 11.5418 1
133.907 -10.023 -53.5429 0
139.719 -7.54845 56.2185 1
132.508 37.7128 -34.2411 0
138.529 41.674 -38.3902 1
143.976 -0.316432 49.3563 1
141.908 -24.3516 31.4363 1
138.099 -37.1234 24.4834 0
137.748 -24.3127 59.8023 1
139.185 31.8266 -21.0733 1
140.469 -8.05863 -41.7712 0
144.195 -33.1815 -55.0154 1
139.37 -19.0179 51.8403 1
143.316 -19.3801 -55.2804 0
143.808 -42.2435 56.4678 1
141.426 -3.46307 -26.2004 0
150.376 -38.0055 -32.1665 1
143.956 -33.4058 -2.50112 1
142.722 -43.0105 -22.3354 0
141.726 3.34372 -58.3201 1
149.495 -41.7173 -45.3988 1
146.441 -46.2025 -39.2275 0
139.776 51.1054 40.6994 0
144.345 -21.2917 -9.68631 1
142.273 -55.2817 -41.4833 1
142.109 41.8547 -28.5294 1
143.592 56.2596 -38.7842 1
136.982 55.6849 -21.7604 0
141.543 41.5001 24.3198 1
142.576 -13.5342 58.0077 0
142.036 -57.5255 -26.9902 1
145.175 -48.5492 -18.1868 1
142.957 31.0256 14.8824 1
143.599 -55.7536 27.1207 1
140.183 30.2749 -3.73159 1
144.204 -43.6208 26.472 1
143.224 49.3388 22.0975 0
141.656 -26.8197 42.5821 1
143.459 -32.007 20.5888 0
148.587 -29.3631 -50.3493 0
137.272 -28.9622 47.9804 0
144.342 -44.4567 -1.32905 1
142.807 28.1385 -7.56667 1
147.716 -22.8719 -28.9131 0
146.791 -45.2001 11.3959 1
148.111 -44.335 28.9897 1
140.683 34.0333 42.1702 1
140.697 28.4194 -34.7489 1
143.35 23.3128 -31.0822 1
143.272 -14.3652 -17.6081 0
145.225 -2.50771 -53.4255 1
145.32 57.0286 5.55668 1
145.008 -55.4954 -8.929 1
140.852 47.43 -4.35626 0
149.738 -34.459 -0.65571 1
137.471 -0.0931228 -12.9308 0
135.33 47.7005 56.9501 0
138.004 13.8878 -0.917868 0
140.455 46.469 48.4478 0
136.508 37.3271 -54.2042 1
135.974 24.947 57.7557 1
141.928 -9.77251 12.5363 1
137.758 4.46544 -18.257 0
148.471 -57.0846 -9.89153 1
141.042 26.5859 -50.685 1
147.753 -58.9547 -21.5309 1
137.158 20.2414 -55.3594 0
145.235 27.6183 10.1891 1
144.638 -56.456 -54.9864 1
147.971 -39.3788 39.3705 1
138.49 19.3352 12.7639 0
144.059 -49.0222 40.3475 0
141.455 34.9091 -58.6923 1
144.369 -31.8297 47.6294 0
145.81 -57.351 45.6084 1
148.568 -53.743 31.3375 0
138.519 -0.273965 -39.4468 0
144.763 -5.29268 -33.5358 1
139.977 6.31425 3.81811 1
148.26 0.0878448 -51.7822 1
150.75 -51.466 10.92 1
144.504 18.6394 40.6804 1
146.827 40.9133 -26.5285 1
146.626 12.7797 50.651 1
143.728 42.6701 55.9338 1
150.793 -8.48562 -58.1965 1
142.765 13.1195 -52.4065 1
141.595 15.8526 55.7451 0
147.686 8.41364 48.1469 0
151.967 -31.0848 -19.8537 1
146.496 -0.157517 -43.9967 0
144.85 50.6744 -57.5127 1
139.063 17.9209 -42.6442 0
138.841 9.01925 -12.1481 1
146.555 36.4684 0.048797 1
152.388 -28.5911 -7.4137 1
147.776 44.6993 9.3908 1
142.416 8.69653 -8.39217 1
150.287 -27.3651 9.03519 1
146.978 20.994 -32.1152 1
139.333 46.6007 34.7079 0
145.791 50.0258 -49.5574 1
153.342 -42.0213 21.6173 1
143.048 -3.45048 2.56796 1
153.89 -41.5738 -20.3375 1
140.698 40.4268 37.4776 0
152.391 -35.2737 -51.118 1
157.624 -28.6954 -11.2757 1
150.888 -48.9448 41.337 1
156.316 -33.6735 -39.152 0
146.913 41.0999 -13.6071 1
148.377 -2.67627 -33.637 1
141.204 8.26656 -48.915 0
144.125 11.5352 -23.3497 1
146.335 -50.3111 -59.5227 0
148.034 9.93971 -27.4961 1
151.711 -60.0234 -23.2784 1
145.853 48.692 -13.0266 0
146.094 -37.2076 57.0864 0
150.007 48.3507 2.08816 1
152.061 0.301078 -34.9231 1
151.592 48.0934 -8.62749 1
143.787 0.899982 -18.6337 0
148.858 -10.9595 -3.41069 1
147.402 26.3029 -51.3016 1
147.137 45.5282 -55.6281 0
152.033 21.8179 -36.9759 1
146.447 -8.14593 15.218 1
148.486 18.7654 59.7623 1
151.544 -21.5113 14.3673 1
154.9 -45.6479 -33.2678 1
151.216 -12.3397 -22.2561 1
148.268 52.1867 -23.1551 0
147.497 -21.1447 54.8812 1
149.995 25.2205 52.9825 1
150.352 51.199 -48.2101 1
137.641 7.89216 -44.8588 0
149.761 51.4406 -36.6666 1
154.493 -58.4477 -37.4002 1
148.885 26.9821 -18.1292 1
146.557 18.7828 -14.569 0
150.08 -16.1558 -47.3998 1
148.354 26.8499 1.27252 0
148.439 -18.8261 1.73153 0
154.114 5.43741 -24.4051 1
149.896 -26.9615 26.184 1
153.016 37.5574 2.25715 0
155.486 1.63176 -20.4394 1
157.696 -53.5684 -40.8892 1
156.247 -47.306 -6.59377 1
155.298 50.414 -31.2691 1
146.85 -3.89583 -14.408 0
151.678 -6.87335 -4.39058 1
148.672 39.7479 52.7822 1
152.96 -47.972 -1.58908 0
158.685 -44.001 -18.116 1
152.775 -14 -12.6311 0
154.857 -25.909 -32.0204 1
153.546 14.0695 50.4283 1
150.069 22.6356 37.9326 1
153.86 -44.9311 7.66915 0
154.507 -17.6408 -42.8999 1
144.865 12.1998 9.75508 1
152.768 31.3548 -49.5627 1
147.251 -12.0481 29.6255 1
150.879 -51.5534 -51.5547 0
154.541 32.9633 55.2556 1
142.946 10.896 19.5808 1
157.806 27.3668 -48.8978 1
147.026 37.669 37.1812 1
147.894 29.7243 24.085 1
148.255 16.5245 23.7492 1
153.725 -2.52667 -14.257 0
161.596 30.0128 -56.198 1
147.291 5.01897 20.071 1
150.068 3.08158 23.8586 1
154.768 20.0512 35.5279 1
154.128 16.6751 -44.9848 1
149.023 -7.27999 31.8693 1
147.072 43.0373 44.2345 0
151.505 -21.8118 54.3655 1
151.371 -54.7566 52.7141 1
151.561 23.7867 -12.954 1
154.078 -53.8241 -57.7954 1
155.845 17.0957 -59.4771 0
150.313 -29.1603 54.5384 0
158.401 9.45061 57.4843 1
156.524 -14.02 -4.01012 1
158.242 -27.6192 -44.2819 0
152.419 20.5811 -6.79101 1
158.021 58.2669 -48.3674 1
157.337 59.2711 -16.0185 1
155.279 -43.5209 -58.5794 1
155.748 39.4789 -21.3471 1
152.879 12.1453 12.2074 1
160.546 18.1945 -53.5218 1
152.635 34.0944 26.1316 1
156.338 48.1902 -4.63382 1
155.708 15.9431 22.335 1
150.154 21.9123 8.00394 0
154.429 54.6877 53.1542 1
149.651 -0.412177 36.4635 1
151.321 8.28196 -1.2565 1
153.613 3.48662 40.403 1
161.471 59.381 -15.2485 1
155.916 41.2963 10.1476 1
156.587 -32.7486 -49.4464 0
157.323 1.75901 33.3569 1
156.996 -4.35772 -46.9293 1
155.169 52.4289 0.241702 0
155.919 4.72239 1.097 1
157.638 2.55211 25.1891 0
156.256 20.8495 6.89788 1
145.732 10.4787 -43.6745 0
158.247 29.3774 -3.93617 1
159.326 4.13673 4.69217 1
152.354 7.87021 -40.7574 0
152.671 9.80519 -15.3713 0
157.259 -9.20879 11.4138 1
156.868 42.1309 50.0069 1
162.268 29.5702 -4.58758 1
160.483 -49.1489 -5.21707 1
165.702 -44.9368 -15.3157 1
158.828 -18.8567 5.02644 1
153.735 12.4636 -36.8332 0
155.681 -28.0846 18.0268 0
160.376 51.7541 -50.4816 1
159.138 43.4629 -55.7876 1
158.451 2.46851 -11.8726 1
158.793 -7.064 -7.79197 0
158.176 48.3428 -44.8999 0
157.277 28.314 -25.2998 1
157.78 32.2068 6.88042 0
161.838 -10.2214 13.5378 1
167.691 -42.7054 -21.842 1
159.221 4.88362 46.2462 1
158.473 -38.6098 3.30292 1
157.542 23.7544 -22.3185 0
157.875 -24.2267 2.57757 0
158.06 -18.7647 -38.4961 1
158.377 32.1014 43.7405 1
155.031 38.6769 28.8352 1
163.741 33.1044 49.2195 1
159.79 -15.0369 -15.936 1
164.813 -51.8924 -20.6918 0
160.256 -19.1139 -28.4758 1
151.437 50.8246 21.5102 1
158.998 -10.8544 -29.6959 0
148.296 45.0361 28.9 0
153.635 -57.9629 17.4243 1
160.421 13.3645 -52.1882 0
165.406 -44.2022 -29.1147 1
157.074 59.0995 10.4982 1
161.246 -58.5072 2.00468 1
160.421 59.2612 17.4753 1
162.04 -4.46912 26.0802 1
165.15 -27.5847 -27.0384 1
156.3 -40.0058 32.3502 1
162.297 -22.1217 -16.614 0
160.761 -3.40648 -46.5009 1
150.854 -31.1242 44.4353 0
161.036 50.6021 -27.9282 1
163.56 36.9479 -7.17823 1
163.206 -21.6725 4.51399 1
161.377 52.2599 21.1865 1
164.523 -57.9385 2.91596 1
166.191 0.00621243 21.0852 1
163.286 40.8587 -22.8151 1
165.992 56.3734 -11.8469 1
163.14 -57.5595 -28.088 0
148.82 41.8507 -41.2104 0
156.651 -27.255 26.721 1
162.147 41.0353 25.0684 1
156.242 -15.2633 31.6433 1
165.151 45.0841 17.8486 1
158.1 -33.8046 38.359 1
163.114 -15.0472 25.2595 1
163.529 30.8171 -14.7075 0
156.899 -38.7555 57.5311 1
168.64 -15.2984 20.3825 1
165.503 -23.3426 -6.5263 1
162.474 5.03032 -48.3981 1
165.589 -25.0253 17.6501 1
159.787 -3.48349 56.4854 1
164.176 -14.6991 -43.7123 1
163.795 -38.9507 4.49156 1
148.844 -22.6467 38.3376 0
161.822 -43.6539 22.8008 1
158.965 -46.6289 30.7565 0
169.704 -25.96 12.6286 1
145.336 54.0902 34.8853 0
162.614 -48.1484 16.0398 0
168.58 -32.8233 15.1491 1
166.57 -47.2571 7.97963 1
159.32 -23.2286 -57.362 1
160.631 -7.58401 53.0475 1
157.289 -16.3304 40.7373 1
167.343 -52.0421 12.6606 0
160.169 23.6642 48.5866 0
159.615 -18.1627 50.2952 1
168.32 -13.1847 -41.1181 1
164.471 -17.1905 56.187 1
169.643 -39.9243 18.3396 1
163.49 -31.1227 38.0989 1
164.306 -47.2821 -38.2193 1
159.745 -25.4663 44.622 0
166.354 5.36403 58.8859 1
169.585 -14.9872 -55.927 1
172.33 -39.7153 4.48523 1
160.796 -28.3913 -52.3297 0
167.995 10.8235 -53.4621 1
164.594 -7.34188 43.3003 1
170.051 -21.5631 -5.16523 1
171.494 -34.131 -10.6793 1
164.693 -8.21707 -26.3265 1
176.287 -39.7275 2.88214 1
164.135 -29.6359 48.4157 1
159.78 -40.6417 46.3464 0
169.009 -15.2683 38.1627 1
167.262 -29.7828 -38.1877 1
163.225 42.1551 -2.8413 0
165.755 5.12138 40.0274 1
164.215 -35.1969 53.9786 1
163.055 9.40786 17.6233 1
166.236 -53.2577 -43.7153 1
149.997 36.0009 -39.1225 0
171.72 -22.8318 29.0294 1
164.374 34.705 28.8849 1
157.371 59.0741 30.9783 1
164.4 -42.3696 50.9555 1
163.185 48.4433 3.33976 0
157 59.9197 39.2729 1
175.254 -38.7231 -12.3769 1
154.71 41.0423 -36.217 0
174.115 -20.1766 39.089 1
170.684 -13.2006 48.7775 0
169.449 -20.8413 -24.6993 1
170.155 -8.71336 -25.6215 1
170.536 -29.9147 36.4498 0
166.951 -50.031 22.8653 0
166.057 29.3586 41.4346 1
166.769 12.9449 41.7127 1
175.129 -26.0252 -17.9653 1
172.067 -1.90155 35.6493 1
158.531 -54.7653 47.4634 0
170.841 -3.32111 40.7162 0
162.07 -35.3035 -54.1086 0
163.065 4.72003 -29.295 1
163.209 23.7296 31.0018 1
164.171 18.479 18.4515 1
160.807 18.6558 26.3739 0
168.618 -58.9022 -26.1329 1
171.986 31.7578 38.9522 1
170.307 55.1136 -11.4011 1
168.24 -31.583 -45.0399 1
173.514 -58.2696 -24.3288 1
170.208 -35.5396 -44.6146 1
172.227 -13.6616 -6.98164 1
161.668 14.5412 -14.5164 1
170.641 19.8577 33.8582 1
158.701 11.8597 -21.3013 0
172.496 50.6589 -24.8247 1
167.043 -49.0976 -50.4814 1
165.734 10.3469 -22.6025 1
170.155 42.4556 -7.16934 1
173.622 12.9099 43.6147 1
158.791 47.7161 35.5117 1
160.748 58.1242 37.8049 1
170.669 -49.1853 -52.8426 1
160.353 14.9253 -6.07123 0
172.699 -40.7161 -39.9542 1
163.75 11.6576 -37.7644 1
177.991 -51.6918 -25.4486 1
171.777 -5.99853 15.9021 0
164.139 26.5424 12.7005 1
169.583 -28.3001 -52.7042 0
171.791 0.767167 -56.744 1
174.921 -41.9044 -31.1023 0
167.637 36.6636 6.60279 1
170.098 34.9019 12.1208 1
176.143 -23.307 0.403688 1
163.56 -52.0604 41.7817 1
168.019 -44.4119 35.572 1
167.315 14.0826 -32.1829 1
172.523 9.31034 24.8739 1
161.824 42.2587 -45.9805 1
167.603 -27.698 57.5194 0
171.152 -49.4349 30.9832 1
169.716 56.9697 30.1938 1
163.551 40.754 -34.4672 1
164.228 -56.2358 57.5328 1
173.034 24.6105 26.3584 1
172.471 -22.5671 -32.8251 0
171.292 16.8763 15.387 1
158.871 34.7386 -41.4149 0
167.285 31.5919 -23.5518 1
172.141 -32.1085 52.47 1
166.546 19.0913 5.69132 0
170.452 -49.0513 50.2356 1
178.159 12.7539 22.5024 1
171.437 30.6174 -22.6829 1
176.295 31.4051 26.6257 1
167.501 47.9982 39.1449 1
169.255 -53.9449 50.5978 0
177.366 -24.4017 -25.928 1
164.787 45.8947 51.1573 1
168.54 52.5651 50.0026 1
171.028 46.9184 35.8314 0
172.583 48.462 24.394 1
166.937 33.0023 -36.1683 1
172.136 52.5329 -0.6437 1
169.396 50.659 6.3213 0
170.463 28.8501 53.8825 1
172.971 20.4345 53.1422 1
169.359 53.7547 -56.356 1
176.676 -24.1836 49.2124 1
169.605 23.6974 -52.0732 1
178.911 32.3051 40.0769 1
173.242 57.0757 51.1337 1
175.424 -48.4583 56.5455 1
173.171 51.4863 -56.1895 1
174.05 -12.5317 -56.4909 1
170.588 22.5342 -41.9446 1
171.431 34.6505 -43.6858 1
172.755 1.67529 -43.9614 1
171.49 50.584 -38.3421 1
175.861 38.8624 55.8043 1
168.556 22.203 -6.08444 1
176.238 -39.425 40.8243 1
171.237 -6.83952 52.1651 0
172.079 29.7241 -58.7994 0
168.601 35.2799 -55.947 0
173.05 -37.2018 -57.6026 0
171.68 -54.8785 -8.35453 0
176.784 -57.7925 -32.4045 0
174.286 17.2108 -40.1649 1
175.978 -56.9959 43.2654 1
180.154 -39.8217 39.7687 1
177.613 19.5342 57.5512 1
175.758 47.4407 19.8319 1
170.896 -59.1875 -42.6565 0
176.738 -54.9757 -9.25825 1
177.472 -17.1729 -53.6641 1
181.48 22.4399 35.6065 1
179.302 -39.2937 -38.6383 1
175.093 -57.8734 5.01034 1
179.623 -16.4931 -48.5485 1
177.126 43.0988 1.60902 1
175.447 24.6657 -32.5815 1
176.907 34.0869 -44.7931 1
175.411 -57.6931 36.0384 0
174.28 22.9674 -20.145 1
177.785 44.7115 45.7912 1
176.155 41.281 -11.902 1
170.364 17.2527 -2.59225 1
178.811 43.1849 -18.0559 1
182.695 35.3501 52.3001 1
176.434 39.5127 -56.1105 0
176.932 -35.0622 26.7744 1
179.583 26.422 -19.8155 1
177.835 44.688 35.4718 0
179.136 -5.92358 -45.834 1
180.952 57.6752 -3.03643 1
162.833 7.90287 -2.18997 0
172.923 57.8374 -49.9932 0
176.412 -59.6929 12.5074 1
175.53 -27.2948 58.4494 0
179.76 -50.2968 10.8571 1
183.602 -56.7716 -6.92551 1
182.37 -44.4155 -8.58947 1
180.469 36.467 -28.9663 1
179.364 37.7901 18.8283 1
174.878 7.06729 -30.4694 1
187.159 28.9756 43.6161 1
181.575 -38.5665 -24.2536 1
181.176 29.3211 -48.1874 1
178.26 10.7456 -50.3032 1
163.951 -2.02558 2.94096 0
177.68 -56.9487 21.4374 1
178.922 -18.5389 41.5937 0
178.413 -26.2261 -54.5922 0
188.583 28.5018 37.2514 1
180.437 -49.4766 26.9252 1
182.804 19.8951 57.9376 1
176.701 23.8665 12.1026 1
182.311 46.6343 47.9071 1
179.38 -39.9113 -0.821132 0
180.33 53.9773 35.0599 1
179.941 -28.2469 6.80918 1
177.29 -4.81548 -33.5695 1
181.183 51.825 -25.2067 1
180.017 -20.3567 13.39 1
183.48 -44.7569 18.6295 1
178.447 37.9872 6.47185 0
184.583 45.7429 -28.1084 1
176.633 30.7841 5.91124 0
184.952 53.1556 32.0905 1
185.437 48.9139 22.4559 1
188.592 49.7709 22.8745 1
179.644 31.9149 -7.06236 1
185.656 38.6506 15.6395 1
178.303 45.4228 -45.4392 1
184.733 40.2003 28.7937 0
177.232 -8.62953 54.6412 0
179.97 -19.2914 29.9226 1
176.511 17.5116 -3.25467 1
176.693 -8.51257 23.594 1
169.552 5.01421 0.260829 1
173.319 6.60372 -3.87015 1
182.382 53.2721 -37.8692 1
165.459 -3.31252 -4.51406 0
182.097 19.4559 -33.6682 1
173.613 10.6773 -15.4153 0
175.286 1.88586 4.45562 1
186.832 50.8609 15.3188 0
181.758 -43.1579 -27.7543 0
181.666 20.4254 11.1468 1
183.978 14.2607 -49.9833 1
183.245 -34.3285 18.3366 1
187.565 27.4379 -36.2385 1
190.726 33.1312 -32.6017 1
178.75 23.5817 4.65654 0
190.702 41.3027 18.6848 0
184.023 23.3379 -17.4999 1
175.538 -7.47687 1.80688 1
178.889 0.899299 18.3001 1
186.537 -55.2807 0.262851 0
181.349 13.4644 -11.7757 1
186.393 18.0633 -10.8268 1
180.906 8.27426 55.1914 1
188.457 27.6395 53.8795 0
179.494 2.66931 -6.39101 1
184.23 12.788 7.6503 1
176.367 -26.1017 -42.0789 0
175.347 -6.62662 -15.7933 1
183.892 -53.914 40.9568 1
182.953 -3.35554 8.14186 1
184.341 35.0648 -53.1031 1
182.242 10.132 20.3408 0
176.101 -53.3637 -50.0131 0
185.106 11.4605 -22.4857 1
183.667 -25.1452 -1.54743 1
179.496 -0.765611 -16.7558 1
185.559 -9.06072 9.97237 1
180.65 -12.0578 -23.0389 1
185.279 9.03712 -0.193868 0
184.109 6.22863 -35.4733 1
180.625 -56.4117 -59.8329 1
180.21 -43.3337 -44.2016 1
190.455 14.3026 -25.9128 1
187.974 38.6347 -56.2651 1
185.339 30.5885 0.740181 1
187.708 2.30255 -10.26 1
183.557 53.7542 -51.3691 1
186.318 46.4468 5.59534 1
179.852 -9.12802 -5.98334 0
189.572 49.7496 5.30057 1
184.33 -15.7171 -19.2138 1
188.466 47.7257 -35.1877 1
180.224 -58.4439 -45.7946 0
189.554 31.1196 -0.542775 1
190.151 41.7077 -51.2409 0
186.951 41.3595 -43.3734 0
194.292 33.6113 -30.9008 1
186.981 -2.63908 -35.8593 1
188.095 58.9655 -10.0171 1
188.213 -45.6178 2.14177 1
185.079 -48.6612 -28.4434 1
187.865 -36.9047 -4.7368 1
181.697 -39.3027 52.9671 1
190.019 7.4809 -40.4177 1
178.518 -32.7183 -58.8585 0
190.94 25.6724 -47.5523 1
188.218 58.7939 -38.3127 1
188.474 27.5497 -59.9271 0
190.156 1.47348 -25.7816 1
183.407 -6.15657 -56.6957 1
186.047 -49.1653 -13.9208 0
192.52 9.54483 -46.79 1
187.958 -50.1195 -35.0026 1
193.317 7.18484 -51.4257 1
185.802 -0.265893 58.2154 1
183.624 9.66953 43.6501 1
182.831 8.43183 30.368 1
190.037 11.3077 56.581 1
189.416 -56.3531 -38.1195 0
186.353 -28.1337 -15.2699 1
186.475 -29.3649 -25.9317 1
183.805 -13.365 23.6935 1
182.31 -13.8992 33.5792 0
179.902 -43.4906 -58.9646 0
190.84 -36.1602 -24.3932 1
190.539 37.6853 48.6408 1
196.716 40.3395 -31.242 1
189.177 -55.5306 -16.5891 0
190.876 46.0215 -4.18035 1
192.352 -43.6995 -17.204 1
182.358 -23.9448 -41.9066 1
196.335 20.5681 -49.5796 1
187.688 33.7035 31.0779 0
188.895 11.1482 40.6275 1
185.457 -27.4555 -49.7937 1
187.137 -30.0809 -50.3411 1
187.504 -17.5929 -34.7122 1
181.872 -4.41466 44.1077 1
182.131 -37.8934 -55.4044 0
185.267 -48.2131 -50.6025 1
195.223 -51.7397 -25.0979 1
196.449 2.19165 -30.0242 1
197.58 -45.996 -20.8708 1
193.313 -5.14182 -22.4394 1
192.217 -16.5031 -31.9393 1
194.356 -12.3681 -38.7534 1
189.804 -50.6649 -50.6136 1
193.189 -57.6106 -50.6774 1
192.578 -21.6062 -17.2481 1
190.104 -12.124 -8.9742 1
195.937 -12.2182 -43.7154 1
192.211 54.6109 -53.8534 1
185.464 -0.562342 43.2875 0
199.049 -40.5836 -15.4211 1
189.904 30.1969 20.6087 1
191.739 -32.6133 0.653057 1
194.416 3.46761 58.002 1
200.269 21.466 -50.5438 1
187.608 53.6981 49.3783 1
196.957 11.1922 52.9563 1
193.149 9.05985 39.7507 1
195.213 -11.3003 -20.9941 0
190.563 -4.74814 -52.701 0
197.773 7.38931 -27.1123 0
187.539 -0.379606 30.0424 1
188.818 -55.1163 33.6437 1
201.662 14.2641 57.1578 1
190.525 -7.99223 -1.84061 1
195.043 -46.9724 -45.6239 1
190.214 56.6231 6.33631 0
195.794 -50.8713 -5.053 1
191.97 -18.9215 3.81486 1
194.191 32.2331 0.98809 1
190.48 -30.3169 13.8756 1
194.129 18.3754 -22.269 0
195.194 14.5547 -29.5286 0
199.161 17.1315 47.508 1
188.785 -28.5865 22.7247 1
189.896 -48.5939 9.05796 0
191.923 -32.6547 -54.8312 1
188.117 -38.8904 30.5895 1
194.287 -22.8496 -49.1381 0
195.111 2.45728 -12.0565 1
200.934 23.9711 -37.7526 1
190.576 48.9473 -18.2599 1
190.86 57.3804 51.9736 1
200.641 -31.9216 -20.9021 1
196.888 -25.9926 -30.5793 1
195.347 -36.2585 -38.7929 1
196.24 -0.306393 45.8906 1
188.132 -28.0387 56.64 1
189.31 -9.94741 54.9039 1
191.498 -42.9692 34.9917 1
183.089 -12.8957 50.9136 0
200.104 10.7821 -33.3368 0
183.065 -20.3882 49.4515 0
198.213 2.4931 39.6312 1
197.327 28.2935 56.1528 1
187.836 -39.1565 48.8179 1
194.795 25.7361 -6.30249 1
200.701 -10.1943 -22.4664 1
199.037 -29.371 -42.7326 1
192.201 -56.3258 40.9131 0
191.502 49.6342 -13.1265 0
200.964 -18.1095 -29.5502 0
191.807 -52.8168 55.4201 1
204.672 7.57256 -58.0038 1
190.6 -56.3093 15.7873 1
193.575 -54.3723 12.2067 1
191.917 -9.78711 -49.9724 0
196.378 57.5439 -19.431 1
191.132 -45.2889 19.6436 0
193.125 -21.3466 16.7316 1
196.627 -54.529 21.1472 1
181.45 -28.983 40.1847 0
196.197 -9.91894 -54.0623 1
195.46 -11.9493 56.637 1
197.839 -4.18484 -47.7592 0
189.876 -21.55 54.5268 0
197.032 -23.8147 2.85052 0
196.97 54.2058 -4.59616 1
190.705 1.4064 23.4048 1
196.122 59.3376 5.12968 0
194.053 -0.472564 21.9097 1
202.692 1.56071 -49.4654 0
198.839 -12.5288 -7.63745 1
201.125 -3.86497 -9.23525 1
193.589 51.1219 55.2281 0
195.194 -49.6222 47.8614 1
195.594 42.687 -56.5023 1
195.784 -33.1587 56.3875 1
197.772 56.0247 49.21 1
199.236 53.0894 -23.6185 1
191.261 -1.69415 6.70674 0
200.662 32.1788 -58.8089 1
189.345 18.5076 23.7811 1
200.954 -40.4523 -46.5103 1
193.846 17.5744 24.1462 1
189.987 13.293 13.2153 0
205.917 25.0302 -46.7162 1
194.878 -5.37103 11.9641 1
195.098 21.4006 10.9743 1
194.893 49.6194 14.6929 0
193.488 43.5692 11.5802 0
193.93 35.5486 11.6363 0
205.748 31.4334 -58.7414 1
199.546 41.357 -47.3355 1
203.679 34.1338 -48.9321 0
197.121 57.1822 37.8068 1
200.523 -22.1019 -53.3104 1
194.802 44.95 38.0147 1
195.622 -54.578 26.7563 0
201.653 -11.8895 57.3322 1
196.606 42.2122 36.1342 1
204.259 -24.0004 -31.5335 1
205.874 -4.25574 51.1385 1
198.687 28.7371 -25.5863 1
192.331 -13.6401 24.0887 1
200.338 8.50569 28.8211 1
202.546 22.5681 -27.6977 1
193.274 30.373 -18.9205 0
203.184 -3.91862 -40.0404 1
194.351 11.6372 -0.759513 1
198.895 -58.3107 -32.9752 1
203.181 53.7957 -26.2294 1
201.344 -56.6897 -39.181 1
199.027 33.2397 -14.7554 1
193.201 -18.2185 31.3747 1
190.278 -17.4322 44.5367 1
204.856 53.3775 -16.1267 1
205.465 7.94045 -38.7443 1
207.293 -4.27602 -38.5749 1
194.672 5.11673 1.18777 0
206.12 -12.2529 -54.7533 1
204.619 -41.6112 -42.3295 1
209.475 17.1223 -37.9895 1
198.185 -17.7239 47.028 1
208.013 -17.7 -36.4942 1
198.005 15.4928 9.28952 1
199.344 21.3137 26.4487 1
199.892 -53.6037 31.2929 1
197.498 0.11714 10.0587 0
198.262 -42.858 13.8164 1
199.74 -37.4115 20.2047 1
197.618 14.8912 -10.7547 1
203.46 18.6766 -16.7149 1
198.243 -38.4919 0.63587 1
200.653 -43.8378 -5.62125 0
210.665 -13.4649 -47.3954 1
187.379 -27.8895 34.1064 0
198.17 -33.4357 -9.54061 0
196.555 43.8848 -21.3904 0
203.534 -51.3904 30.633 1
206.249 -51.9898 -37.1731 1
200.986 -24.9136 4.4577 1
196.659 38.255 -15.2079 0
200.612 49.7206 6.01679 1
202.882 -44.2157 5.82763 1
189.7 -23.9225 39.8868 0
202.726 20.7324 -2.38096 1
207.461 19.1682 -14.4643 1
199.348 8.28218 7.67683 0
199.277 -44.5904 41.282 1
204.535 -37.045 21.7384 1
198.532 46.3782 -42.8642 0
204.098 -50.7484 -26.2979 0
199.116 42.1838 3.36237 0
201.57 58.3828 20.8832 1
195.148 -25.0751 34.3223 1
206.25 -58.0272 28.7585 0
200.186 -39.9764 53.9955 1
194.857 -27.0422 46.6946 0
203.336 39.181 -43.456 0
201.887 -37.341 42.0641 1
205.566 -11.306 -30.2189 0
202.814 -58.31 -51.0738 1
205.324 40.3773 57.6093 1
203.817 -19.4146 -11.0227 1
202.204 -54.1287 59.5335 1
199.12 34.141 38.5159 1
202.8 29.3748 35.4802 1
203.571 38.3401 -13.4709 1
203.947 55.4988 -0.466371 1
203.706 39.5871 -1.62359 1
210.117 -47.1424 -34.6805 1
206.878 59.944 4.9432 1
203.884 24.5182 46.9028 1
210.049 -50.605 -47.2322 1
206.766 31.4711 43.0026 1
201.136 -29.8454 -59.8686 0
201.476 -29.1257 41.6718 1
205.523 -23.2757 5.55962 1
201.12 45.6453 27.4812 1
207.033 -48.1794 54.8634 1
206.701 -43.8907 -16.6394 1
203.954 41.1336 27.2116 1
208.269 49.2176 5.45985 1
198.894 -30.1905 29.6134 0
204.193 3.26357 -6.31318 1
205.192 35.4904 5.84463 1
209.562 -33.4819 -29.6722 1
208.316 -14.9418 -17.1718 1
203.676 38.5064 21.4469 1
210.612 -25.2228 -14.7399 1
208.247 1.67104 -19.1022 1
201.891 -52.7915 -2.90609 0
205.571 30.7418 12.8203 1
211.285 30.9061 47.6169 1
204.967 -27.9927 20.702 1
206.096 43.2933 -49.4261 1
201.235 -13.8699 12.7751 1
206.397 44.8475 17.0302 0
210.826 2.88111 -23.6724 1
209.117 44.099 -3.90016 0
205.331 -33.6282 0.998289 0
208.123 11.9781 -54.6814 0
208.841 -54.815 -9.73806 1
208.792 51.5007 26.2127 1
201.822 -3.51023 20.1156 1
209.462 -35.8827 -11.1916 1
205.894 -28.2341 50.7659 1
205.966 -12.1366 16.8189 1
210.648 36.0147 16.4243 1
210.875 -58.1281 -54.5297 1
208.358 52.4226 -42.2751 1
204.387 52.6338 -33.5194 0
210.73 6.76239 54.2603 1
210.755 -20.8428 -0.500602 1
199.294 -4.12076 38.9797 0
209.078 -34.9256 -44.1855 0
203.791 -17.4162 28.3391 1
209.065 -26.3967 -59.4051 1
206.325 -31.3368 -49.7621 0
209.675 -17.403 59.0024 0
208.977 -8.6965 6.60674 1
210.463 -36.0601 -58.3848 1
210.154 55.3309 -27.8422 0
207.724 -21.2937 44.7841 1
206.673 48.432 56.1677 1
210.859 -21.6329 23.004 1
205.677 14.3089 17.4664 1
208.744 46.4466 47.0694 1
206.422 -13.0531 35.8098 1
206.881 11.8106 18.4217 1
208.296 -5.42883 43.1571 1
211.218 0.0750774 0.733162 1
209.407 -51.5822 42.6535 1
210.412 -23.5669 35.0226 1
208.819 -49.4351 11.9945 1
208.526 37.0141 -21.9124 1
209.865 2.47835 30.4886 1
211.014 3.17813 19.3026 1
211.256 42.342 -20.7492 1
210.758 11.2431 33.9629 1
210.348 -2.93503 20.0898 0
211.556 -4.62462 14.2385 0
205.476 14.6358 8.26047 0
210.732 -42.508 33.6212 1
209.97 50.9597 -13.1815 0
211.501 37.4164 -14.0559 0
206.201 45.3933 -30.7273 0
210.129 26.7369 -7.86952 1
210.684 14.2357 -3.7367 1
209.226 38.8222 -32.5317 0
97.3497 -62.1473 -58.1284 1
94.4453 -61.2582 28.1452 1
91.7641 -61.7756 -12.5191 1
109.626 -60.9872 42.7963 1
119.207 -61.6545 16.5888 1
126.4 -61.2724 59.5843 0
134.636 -61.5367 10.2604 1
135.461 -61.2763 -40.1469 1
130.174 -60.5748 48.2983 1
132.684 -61.0922 39.3455 1
138.412 -61.7584 33.2946 1
158.021 -61.7331 -48.3674 1
157.337 -60.7289 -16.0185 1
161.471 -60.619 -15.2485 1
157.074 -60.9005 10.4982 1
160.421 -60.7388 17.4753 1
157.371 -60.9259 30.9783 1
157 -60.0803 39.2729 1
160.748 -61.8758 37.8049 1
180.952 -62.3248 -3.03643 1
172.923 -62.1626 -49.9932 0
188.095 -61.0345 -10.0171 1
188.218 -61.2061 -38.3127 1
196.122 -60.6624 5.12968 0
201.57 -61.6172 20.8832 1
206.878 -60.056 4.9432 1
90.932 62.218 41.8864 1
99.4061 60.2259 -1.27434 1
108.259 60.2081 57.5758 1
100.868 61.4093 43.2104 0
110.018 62.2731 23.2266 1
112.175 60.1377 -6.45123 1
118.214 60.6925 -3.78696 1
119.573 60.1583 -9.17171 1
121.118 61.1655 -24.9394 0
121.158 60.7012 -33.0441 0
124.334 60.7128 12.9792 1
129.314 60.2834 -30.6686 1
129.179 60.3623 -51.8649 1
134.437 61.8026 57.9576 0
147.753 61.0453 -21.5309 1
151.711 59.9766 -23.2784 1
154.493 61.5523 -37.4002 1
153.635 62.0371 17.4243 1
161.246 61.4928 2.00468 1
164.523 62.0615 2.91596 1
168.618 61.0978 -26.1329 1
173.514 61.7304 -24.3288 1
176.784 62.2075 -32.4045 0
170.896 60.8125 -42.6565 0
175.093 62.1266 5.01034 1
175.411 62.3069 36.0384 0
176.412 60.3071 12.5074 1
180.224 61.5561 -45.7946 0
193.189 62.3894 -50.6774 1
198.895 61.6893 -32.9752 1
206.25 61.9728 28.7585 0
202.814 61.69 -51.0738 1
210.875 61.8719 -54.5297 1
90.0657 3.29802 -60.722 1
93.5248 -51.0501 -61.539 0
99.5327 -43.0899 -61.4166 1
99.1902 31.6538 -60.4426 1
106.841 18.7733 -62.363 1
110.684 55.5781 -62.0102 1
102.867 49.7155 -61.438 0
123.491 -54.0883 -61.9427 0
125.505 -31.8798 -61.4568 1
135.515 3.38896 -60.4614 1
126.4 58.7276 -60.4157 0
134.437 -58.1974 -62.0424 0
137.748 -24.3127 -60.1977 1
142.576 -13.5342 -61.9923 0
135.974 24.947 -62.2443 1
148.486 18.7654 -60.2377 1
166.354 5.36403 -61.1141 1
175.53 -27.2948 -61.5506 0
182.804 19.8951 -62.0624 1
185.802 -0.265893 -61.7846 1
194.416 3.46761 -61.998 1
202.204 -54.1287 -60.4665 1
209.675 -17.403 -60.9976 0
126.4 -61.2724 -60.4157 0
134.437 61.8026 -62.0424 0
88.4863 -14.2546 60.9674 1
94.2424 -38.2964 60.3906 1
95.2716 -5.75205 60.9809 0
97.3497 57.8527 61.8716 1
99.3692 17.1334 61.9736 1
106.367 -8.96087 61.1957 1
110.541 22.3921 61.6553 1
116.787 24.3942 60.1781 1
120.693 40.6568 60.1203 1
124.16 35.471 60.9972 0
116.155 -38.1056 61.5655 1
122.751 2.3984 62.0492 1
137.407 -49.5374 60.4019 1
141.726 3.34372 61.6799 1
141.455 34.9091 61.3077 1
150.793 -8.48562 61.8035 1
146.335 -50.3111 60.4773 0
154.078 -53.8241 62.2046 1
155.845 17.0957 60.5229 0
155.279 -43.5209 61.4206 1
172.079 29.7241 61.2006 0
180.625 -56.4117 60.1671 1
178.518 -32.7183 61.1415 0
188.474 27.5497 60.0729 0
179.902 -43.4906 61.0354 0
204.672 7.57256 61.9962 1
200.662 32.1788 61.1911 1
205.748 31.4334 61.2586 1
201.136 -29.8454 60.1314 0
209.065 -26.3967 60.5949 1
210.463 -36.0601 61.6152 1
97.3497 -62.1473 61.8716 1
