51.5491 16.1848 29.4062 1
54.074 54.23 39.5534 1
51.5694 49.0935 21.8924 1
54.1011 -47.4668 32.9803 1
53.1156 49.8379 48.9815 1
52.7242 45.1803 -57.1632 1
52.7855 -59.3552 -55.0304 1
51.5109 -52.3356 57.4714 0
56.5234 51.9964 27.0099 1
56.167 43.0091 56.3218 1
57.4277 54.4137 57.777 1
51.5078 0.888886 56.8311 1
53.0219 -58.8744 -29.8793 1
52.2498 2.72992 18.9688 1
52.7102 -9.66216 54.0699 1
54.2655 -17.5622 -47.4395 1
54.3328 12.914 23.1272 1
55.3321 21.6784 24.1565 1
52.5169 -49.4802 -28.7246 1
51.8002 32.9643 33.3672 1
54.7416 30.5337 27.6486 1
54.0434 -3.51827 -52.9254 1
53.3839 -40.8664 -39.5495 1
53.0272 -34.409 33.953 1
56.7225 37.0008 48.6796 1
59.1038 46.0192 41.8101 1
56.1015 13.786 15.9902 1
57.687 -13.7998 -51.969 1
54.5152 -23.8418 57.0008 0
57.1159 38.1392 27.6866 1
55.9494 -22.0059 50.0888 1
54.5983 -12.4317 42.0988 1
58.1726 27.1551 36.0071 1
54.369 -40.5512 58.791 1
52.8934 -12.5878 0.335381 1
53.8163 59.9125 -23.4562 1
57.0376 -3.9797 40.6172 1
53.2001 45.1408 -34.9904 1
52.3256 18.5892 45.1236 1
52.2794 -1.41587 0.170197 1
53.0788 -16.4734 15.4361 0
58.8545 42.2777 23.704 1
56.4272 54.7546 -43.3105 1
57.1995 6.22419 47.9509 1
53.891 14.9053 53.4223 1
57.8989 43.2865 17.3056 1
58.499 14.8956 39.5172 1
57.9319 0.00715558 27.8904 1
58.4308 20.9932 50.3532 1
56.3046 -26.5124 -38.9057 1
59.2289 56.527 49.1109 1
55.3875 47.9524 -48.7127 0
55.2217 -45.1549 -51.9863 1
55.2695 -54.6808 -46.9582 0
58.006 -43.8984 -39.1173 1
59.8972 -31.3676 -41.7562 1
61.7697 33.006 46.62 1
55.6863 -28.5559 -55.6765 0
53.4693 -26.8418 6.92341 1
56.8981 22.4163 56.8243 1
58.1686 -49.1407 -26.8252 1
61.0324 -43.7352 -46.1033 1
60.75 -54.8669 -37.015 1
54.5279 4.96198 7.5262 1
61.3246 -59.3615 -44.546 1
64.0833 -57.8711 -32.2778 1
55.3914 30.3412 -57.6372 1
64.4347 -47.698 -47.1267 1
53.6909 -22.1893 -7.63839 1
64.2602 48.2287 47.2058 1
57.2833 -3.93237 15.4691 1
51.9278 35.025 -7.89204 1
51.9134 31.8205 -47.5933 1
53.4627 48.1728 7.00102 1
51.7683 -52.0289 16.8175 1
57.2544 58.0714 -20.8722 1
55.6223 -49.0857 -15.6675 1
54.9887 -49.8623 -7.36636 0
51.5878 51.7105 -2.57024 0
54.0679 -39.6634 21.9954 1
52.6024 -34.3725 -10.198 0
56.9297 37.4054 -49.4858 1
55.299 48.9417 -21.9221 0
59.0668 52.8171 14.9047 1
52.5509 31.6865 -36.5255 0
52.1851 -40.4561 -14.9093 0
57.5288 52.9164 -16.5715 1
55.6242 36.6685 -31.5001 1
60.0915 47.7682 -41.6452 1
65.5036 52.9107 -41.9406 1
61.1217 41.8314 -48.0063 0
54.3658 -43.1158 15.177 1
55.6972 12.7118 6.16372 1
53.1084 8.3938 -1.98155 1
57.9635 -57.4482 14.4847 1
54.4476 -35.0122 12.8813 0
56.3363 56.3126 -8.65662 1
51.9165 -24.9491 -15.3262 0
58.0147 37.3225 -26.4575 1
56.6625 34.1943 -14.4688 1
54.0934 44.4862 -10.28 0
55.7133 -31.1426 -25.4098 1
55.1447 25.6852 11.4241 1
61.7092 -30.5554 -35.5806 1
54.4466 26.7849 -42.7719 0
60.792 -32.3059 -26.5033 1
55.958 37.56 9.02597 1
57.5489 34.2972 3.9179 1
57.8178 23.4426 2.55958 1
56.804 24.3471 -9.47615 0
55.5116 -14.9099 -19.0405 1
58.4585 -23.3835 -8.19747 1
61.4896 36.7056 19.2215 0
52.7872 -1.40775 -24.4411 1
56.6786 -34.2745 -17.3915 0
61.3641 -38.332 -33.2007 0
63.538 -50.4997 -22.8463 1
60.4216 33.2833 -8.71888 1
59.3478 40.2024 -2.21703 0
60.3022 -40.7152 -19.4878 0
56.1254 -15.4749 30.7983 1
61.9592 47.286 -19.4908 1
62.2055 19.9536 25.5681 1
56.8837 27.4284 -24.1244 1
58.6543 -52.8248 28.8783 1
59.1534 -49.7308 19.3447 0
54.4255 15.4082 -26.6151 1
55.8191 21.433 -35.1029 1
62.7615 37.5617 37.6921 0
62.9604 32.7432 5.00527 1
55.8263 14.3897 -39.1894 1
56.2945 11.4443 -46.1551 1
60.2031 16.1907 -24.7241 1
60.5953 16.7388 -2.05895 1
61.9254 9.08043 35.2652 1
60.1745 59.5049 8.14086 1
66.8809 -48.0108 -21.9394 1
55.0004 -2.51078 -43.2893 1
65.6615 -38.3892 -25.1826 0
58.7723 -56.7087 -1.35626 1
57.2704 -27.266 26.6782 1
60.6765 -43.9459 29.9229 1
61.0087 11.5444 -38.3541 1
56.6531 0.713313 -26.5866 1
60.2475 -2.34401 -46.837 1
57.2107 18.6317 -57.4759 0
59.4594 14.7623 -57.7118 1
60.6645 -41.7179 15.3985 1
59.5436 -3.85379 -39.2375 1
60.8555 2.78963 56.3319 1
65.0552 13.3308 50.7397 1
60.6386 -54.8306 -9.73948 0
63.7437 3.5718 -55.6332 1
61.1066 7.2706 -22.4528 0
60.993 51.8329 0.154305 1
64.9532 50.9984 13.437 1
63.531 50.6484 -5.51771 1
61.9949 -12.0164 -54.5538 1
59.0112 -10.0458 -31.913 1
63.9089 -26.5337 -26.3956 1
64.947 45.2665 -25.7449 1
62.6919 34.4972 -19.2557 0
64.4846 57.1828 -11.657 0
65.9992 38.0702 -13.3515 1
69.0482 -59.8373 -32.8502 1
63.2812 -32.3337 -19.966 0
60.4397 -16.5589 -15.6518 1
61.5315 59.03 36.8654 1
60.9965 -24.1298 -55.8455 1
67.4536 55.8573 -0.0418596 0
61.9607 -31.8105 -46.2141 0
63.03 19.7 -20.2488 1
61.2209 -15.5583 -37.4601 0
64.6145 35.2792 24.9343 0
63.4451 45.8179 28.4401 0
68.6997 49.0203 13.8849 1
62.4049 -9.83213 -25.1496 1
65.3623 -5.40967 59.7709 1
66.1949 53.6795 -50.2313 1
64.4179 48.0032 59.4865 1
64.6862 37.5896 58.7733 1
59.4109 7.84134 -8.0684 1
59.4503 -56.367 51.6846 1
63.6971 -56.203 -56.6937 1
68.9274 40.8221 15.9283 0
59.5169 -49.5894 52.8179 1
53.8961 -44.9663 47.9389 0
56.9666 -36.6861 46.7829 1
66.404 32.1484 17.7307 1
59.6137 2.88264 -13.7787 1
65.3627 27.2845 -3.87289 1
55.5018 -5.13414 -6.76638 0
67.2557 23.5215 3.72652 1
63.8475 -43.2393 -56.4742 1
63.3717 -8.46739 -14.6993 1
63.948 20.265 -9.54985 0
66.635 21.8909 20.546 1
67.8651 18.1841 10.607 1
65.307 -59.7214 41.7161 1
66.7225 -20.5357 -27.9051 1
65.8856 23.4571 59.1474 1
63.0256 -5.16334 -8.00569 1
66.1695 1.39707 -19.4597 1
68.1432 26.3357 28.4195 1
61.6908 -38.9082 51.3881 1
66.4155 30.2096 46.3034 1
67.3787 21.1556 36.0259 1
69.0286 15.2894 38.121 1
60.213 -15.7614 31.6429 1
69.6058 58.4257 -56.1323 1
62.9772 -29.3247 54.4065 1
71.0729 31.4556 11.8654 1
65.6767 34.5926 -52.8612 1
63.7177 38.2754 -39.6439 1
63.0995 -44.2995 43.3752 1
62.8803 -38.0842 32.7462 1
62.3596 -25.5874 27.752 1
67.2725 41.7061 6.79352 0
62.4294 -10.5662 49.2131 1
62.4306 -28.0609 43.373 1
63.8289 -20.754 37.9674 1
66.5236 -17.933 49.2795 1
65.3279 -18.4042 55.8555 0
68.5916 -4.48176 54.7567 1
67.1022 20.3469 -18.8982 1
70.0681 27.1596 -9.62249 1
70.7603 46.9163 3.86987 1
66.352 42.1081 -4.13248 0
65.292 -53.5593 54.0094 0
69.6316 -0.207752 -14.8724 1
68.4435 57.0132 48.5211 0
67.7334 9.41433 -27.7514 1
71.1128 47.5467 -4.51023 1
75.2765 44.7063 6.99282 1
74.9449 40.7411 -5.07245 1
63.0494 -1.44717 25.6528 1
63.3839 6.01756 9.29019 1
67.6542 -36.317 -57.9284 1
61.0091 20.8376 -44.9111 0
64.8853 0.826275 4.12449 1
64.4318 23.6859 -51.4154 0
75.1425 30.6 12.0403 1
64.7753 9.68165 25.6396 0
67.8835 -33.6039 42.8165 1
67.3315 3.98767 33.0523 1
56.3197 -40.4444 7.72484 0
67.8259 -46.5938 42.0653 1
62.0405 30.6613 -41.7283 0
71.4989 14.3953 -17.7284 1
70.2328 -20.5942 43.7514 1
67.2583 -58.0254 34.2777 1
69.9814 7.67447 -8.16873 1
73.856 19.1697 -8.96807 1
71.008 12.4122 7.58859 1
69.9311 27.2278 -23.2668 1
65.7022 31.0557 -32.666 1
65.5586 12.6447 -46.7705 1
66.9765 1.62734 -41.4672 1
68.3792 5.38805 19.9355 1
68.6921 3.68232 -49.4232 0
67.0992 59.9137 17.8099 1
68.4308 -49.3783 27.0285 1
68.8039 18.4834 -35.9779 1
67.9143 -2.37654 4.52039 1
69.1556 18.2665 -50.0787 1
68.6922 39.3703 -30.0135 1
69.9205 59.4538 29.6757 1
74.3228 18.9113 19.081 1
70.8261 53.3242 -25.9396 1
71.0385 47.4136 -52.3823 1
69.4198 -52.727 48.0566 0
63.1002 -15.5252 -2.42335 1
69.7747 26.5741 -38.1854 0
71.4214 27.6587 -46.3886 1
73.71 15.3114 1.32895 0
72.0307 41.6128 -33.2615 1
61.2181 -47.4438 5.86921 1
71.7508 -40.734 39.0904 1
73.2387 47.1265 -44.8835 1
73.314 40.0254 -41.6474 0
74.946 33.1645 -33.6563 0
69.904 -47.0817 55.2086 1
72.343 34.0053 -13.986 0
69.7528 -55.1424 13.5728 1
62.1839 -21.669 1.79093 1
69.9391 -11.3046 -5.59562 0
72.0727 30.0759 -55.1613 1
59.7695 -19.1059 11.2524 1
66.7681 -42.8762 -35.4548 0
69.9287 -45.1573 23.5207 1
69.8911 -44.894 -58.2223 0
68.3156 -3.50714 -35.0412 1
76.5597 42.2684 -34.3808 1
75.4573 43.2772 -24.325 0
69.449 -16.1887 -23.372 1
77.4942 16.859 -7.0159 1
63.3826 -12.4451 10.5465 1
77.3537 17.1524 9.35921 1
74.3461 4.7202 -4.90398 1
62.6497 -24.8805 18.6008 0
74.1443 10.8421 18.1381 0
76.9443 49.7624 -31.4313 1
77.5947 27.6613 -9.27654 1
81.0803 18.2535 -0.556607 1
70.4526 -0.769768 16.9142 1
74.3879 -2.70537 -4.89878 1
68.6598 -12.0305 8.00217 1
66.8978 -15.5863 -40.4452 1
77.714 28.1309 3.55963 0
72.0987 -55.0275 -45.7388 1
72.7269 4.90033 -36.2587 1
78.6077 6.5214 5.07279 1
77.1437 33.6293 -19.1601 1
69.7493 -16.0746 -56.9448 1
72.6484 8.65197 28.0639 0
77.1266 27.0405 -28.0802 1
72.846 5.44443 -25.3269 0
72.9984 -3.66412 19.0146 1
76.7631 24.1137 -32.6039 0
78.441 8.6238 19.1773 1
67.9775 -6.80756 32.8872 1
70.7327 -11.4918 25.7609 1
76.4157 13.6292 -24.1793 0
70.965 -7.47331 48.659 1
68.8749 -8.34404 39.5096 0
72.9491 55.4008 56.8039 1
77.5132 27.5422 -38.7072 0
74.2472 -14.5318 48.0984 1
69.8509 -23.3509 -40.0855 1
70.1528 54.8696 -8.08316 0
76.4995 23.6357 -45.9393 1
68.8395 47.3783 39.3523 1
79.604 17.5958 -16.604 0
74.7286 17.1551 -35.4252 0
61.3932 -33.6416 8.70781 1
67.6906 -34.4676 19.3791 1
67.2434 -21.0248 17.8559 1
59.8298 -35.9291 -9.58892 1
72.2793 2.07038 35.2316 1
70.4939 -24.9508 -47.6994 1
73.4745 15.1006 38.4422 1
68.9307 -29.2447 25.8593 0
77.4251 33.704 -49.856 1
81.2149 44.2292 -38.6977 1
67.4938 -27.6229 11.0079 0
61.1001 -42.8711 -2.10955 1
72.2414 -35.7325 -58.6104 1
64.1567 -38.629 -3.91568 1
70.4648 37.9479 47.9326 1
70.8766 -20.7859 10.2388 1
74.2753 -15.0817 23.5743 1
78.5028 -6.19179 18.7734 1
67.775 -56.5699 -5.85383 1
70.7188 -26.7334 -57.4059 0
67.3244 -48.0625 -12.2722 1
73.0862 16.9306 46.087 1
77.7598 -6.83602 4.90231 1
73.3805 -35.8486 34.0185 1
75.0866 -27.3662 43.0062 1
74.4235 -25.1606 -49.3042 1
82.3716 2.21312 4.33737 1
77.5173 -17.7643 16.6304 1
82.7506 11.5648 8.77225 0
76.2911 42.6227 -59.4035 1
73.6442 -13.7359 -42.5793 1
68.4097 44.1146 32.7856 0
75.0737 -8.73501 -47.1012 1
72.1304 0.389964 -57.8778 1
67.1609 -30.1622 -0.959574 1
69.2779 -37.2432 -4.6269 1
74.9042 -45.5239 53.264 1
73.0874 -13.9276 -7.90854 1
72.3705 -16.5231 0.761228 0
71.3725 -56.8389 3.20703 1
66.313 -24.8731 -13.6454 0
68.7799 -41.5466 -46.0223 0
73.3403 -20.2767 -6.97757 1
68.6169 -46.673 5.637 0
74.1338 -30.542 55.5912 0
72.1834 -50.5564 -16.978 1
76.5219 -2.56734 -50.491 1
73.3032 5.90879 52.8524 1
73.2723 -42.8021 16.7407 1
70.5683 52.9255 -14.9626 0
75.7362 -16.1187 -13.5298 1
77.7115 56.6094 -30.1961 1
72.1705 -26.8247 -9.96784 0
77.5917 -37.0185 -57.9098 1
75.499 -0.379941 38.5054 1
76.6407 59.0886 -17.0138 1
76.5751 0.12786 47.9479 0
72.9862 -31.5526 12.1062 1
77.2071 17.6179 -46.9696 1
76.0922 -56.135 -40.1677 1
75.6489 16.2009 51.8772 1
80.0626 -58.5769 -26.1623 1
76.7982 -54.4542 59.3564 1
73.0613 -37.3927 7.84416 0
71.5257 34.3357 34.3884 1
73.8536 8.94453 -56.2179 0
75.4746 -14.9851 -27.428 1
78.0437 21.2306 -59.6896 1
79.5999 -6.41784 52.2919 1
77.5518 -4.03852 -15.5042 1
75.4213 30.7015 51.5356 1
77.4284 -38.2373 -50.8618 0
76.6518 24.8044 38.7527 1
78.159 -17.5742 -19.2324 1
78.1055 -7.82546 -27.9182 1
75.9224 8.56679 -49.4845 0
80.4102 13.7399 -59.4652 1
76.2261 -28.8007 4.0525 1
82.1753 31.9163 -52.2378 1
80.4976 42.9487 -59.4684 1
81.3513 -16.4537 10.5401 1
80.0408 -38.7872 52.1581 1
78.8573 33.8332 50.2683 1
77.596 40.3041 45.9048 1
78.6241 40.5004 -10.3059 1
80.2231 17.4454 27.5517 1
77.138 -28.0839 18.7602 0
78.1544 9.76917 -41.447 1
80.7971 7.12814 45.9851 1
82.7865 45.2461 -48.2923 1
80.6169 -1.76078 -55.0513 1
78.6795 -20.0075 -52.2834 1
72.9651 -41.4662 2.01371 0
81.8631 -4.25274 45.5635 1
77.1547 -30.228 -5.55696 1
81.8821 29.4915 -23.7854 1
83.2136 50.4001 -40.0535 0
86.6754 38.2645 -52.507 1
76.8492 -3.01914 -34.6569 0
84.878 1.28649 11.7622 1
83.6661 -7.68401 -2.61423 1
84.2168 51.6691 -47.0592 0
82.9754 6.6208 58.1223 1
82.9168 2.29936 23.9407 1
81.3543 -3.87028 -41.2723 1
81.3811 -2.55174 -26.859 1
76.5779 -17.0121 37.3287 1
76.6557 36.6323 33.3942 1
80.0374 52.1182 57.6323 1
84.9186 3.11736 -52.8825 1
84.9134 10.8672 47.1686 1
76.9785 -31.241 32.2523 1
83.1476 10.7668 -41.0618 1
82.3823 -11.4235 39.7927 1
83.3705 -3.45023 37.565 0
81.0836 32.3703 1.26153 1
78.3266 50.9654 47.3712 1
77.8623 54.8895 42.5903 1
80.76 -57.8825 -56.6571 1
84.6946 34.2769 -8.60192 1
77.1425 9.72304 -18.05 0
84.2479 -4.60187 -17.6943 1
81.1005 35.1796 8.50951 0
79.9565 -24.8496 32.9464 1
79.0783 -53.9157 50.6092 1
76.8285 -52.4248 37.9608 1
80.2103 -19.9656 23.942 0
85.2227 59.7109 58.9104 1
82.5741 -19.0839 47.395 1
83.2591 -58.8526 -45.0341 1
80.2446 -27.5805 51.0446 0
81.9659 -31.1147 57.6119 1
80.9055 12.8684 -23.4166 1
81.8818 -46.3646 -53.7688 1
77.7534 -46.6984 -47.8199 0
81.9653 7.47676 -29.1162 0
82.0347 41.3615 40.2818 1
81.0494 48.2989 37.9273 0
81.5475 29.9184 12.8231 1
84.8187 -49.1904 49.7266 1
88.4074 -56.6615 53.4668 1
84.258 16.9378 -30.857 1
81.9976 24.1281 27.4296 1
83.3933 25.9992 40.8611 1
85.8234 17.3264 26.4748 1
85.2452 6.89083 -21.326 1
87.3402 53.6107 -55.1563 0
75.8044 -58.2709 23.633 1
85.9718 23.9875 -18.2118 0
85.7938 -57.2419 45.5431 0
80.5518 -49.4422 35.9711 1
85.3516 -1.48283 26.8112 1
85.6269 3.12307 -9.41488 1
87.256 14.6739 -13.0357 1
77.3929 59.9615 31.3846 0
90.2836 4.17564 -9.1757 1
85.4458 29.8665 32.8765 0
77.5052 55.5725 26.1474 1
89.5634 15.6072 -26.2113 1
87.1138 1.93155 35.8927 1
86.1353 19.2946 -42.5366 1
84.2782 -17.3096 29.0717 1
85.6495 39.1496 34.8359 1
87.2116 -9.93293 -21.3962 1
87.4907 -14.0143 -14.5916 1
87.4011 -10.5356 24.6211 0
85.952 -20.084 -19.0543 1
77.2019 42.7889 28.0108 1
80.228 49.0946 26.1286 1
78.5483 43.4183 14.3153 1
84.0596 -58.8259 32.8237 1
83.3622 -22.8359 16.1718 1
80.8121 -36.2055 22.4889 1
77.7639 39.1233 21.4613 0
82.8302 -44.7086 25.4993 1
81.0817 47.3778 16.4746 1
88.5631 13.2115 -1.78543 1
74.9901 -52.8751 3.5566 1
79.3307 -39.6925 10.4229 1
83.9077 39.3927 19.1647 0
78.0091 -50.2177 11.0895 0
83.3591 -47.3557 15.7585 1
87.7553 24.4004 40.9355 1
83.218 53.5938 31.4329 0
87.0608 31.9621 24.0857 1
88.6671 45.2536 24.238 1
81.709 -32.4496 38.1073 0
85.6929 -52.9394 20.3454 1
69.336 -37.0863 -33.2941 0
88.5863 -58.43 32.3017 1
78.8236 -38.5606 37.9106 0
70.1968 -29.1842 -31.4045 0
86.6836 56.3572 18.7803 1
90.2719 29.8859 22.397 1
92.583 41.3838 28.1222 0
80.9511 -47.9276 2.97775 1
78.949 -37.0486 -4.44269 1
72.4651 -39.6362 -20.0275 1
84.4778 -35.0222 7.46857 1
82.4158 -55.4293 7.17184 1
73.236 -31.9982 -23.2492 0
73.7628 -44.0336 -41.5961 0
78.5951 -28.8027 -15.8384 1
84.393 52.1383 9.22881 1
75.7326 -45.7525 -12.8809 0
85.8404 33.2499 -33.9262 1
83.7812 40.3248 -21.6197 1
82.4469 54.6499 -20.0677 1
84.3843 47.7101 48.791 0
72.939 -37.4388 -43.1026 0
85.7122 26.0158 58.632 1
82.6978 44.9947 -5.89886 1
89.2464 31.4018 -51.8553 1
89.1317 16.4218 46.2031 1
90.2037 22.4372 -59.3958 1
88.1669 17.4264 -50.7751 0
88.4469 45.6045 40.4655 1
88.2551 38.534 53.5601 1
88.4839 32.1183 45.9222 0
90.1848 47.5111 59.669 1
79.964 -48.7016 -7.07106 1
90.8896 17.1428 37.2893 0
80.9067 -35.4046 -12.2134 0
88.6971 -19.1893 22.0283 0
80.0942 -30.9344 -22.0953 1
86.7002 28.0296 -7.33078 0
88.9628 4.07593 45.785 0
86.7001 27.03 3.65369 0
92.9066 47.7654 53.0811 1
93.0608 39.8645 34.966 0
74.3338 -22.1375 -33.6115 0
88.8237 31.4211 9.05229 1
92.9181 35.3956 46.5438 1
94.3668 27.7861 48.6399 1
92.1306 59.4423 41.6115 1
77.3184 -30.4636 -34.375 1
94.0008 15.1587 46.4812 1
91.7566 16.6949 -56.7416 1
90.4033 6.71531 -52.7377 1
83.3669 -17.1571 -37.5178 1
82.9321 -22.1604 -32.1265 0
92.4973 4.93853 54.3042 1
94.8092 30.5217 32.4676 1
84.341 53.1636 -13.4946 1
89.9541 25.0322 15.7655 0
94.2564 56.6635 55.6625 1
90.0729 8.7614 28.4526 1
81.2907 54.3317 -6.1337 0
85.5049 51.4666 0.945595 1
90.4372 -1.70104 59.6445 0
90.9207 -3.45993 37.1409 1
80.5705 -57.4323 -6.58925 0
90.4805 17.8762 18.5335 0
87.7604 12.7075 12.7147 0
87.1326 57.988 -1.47562 1
93.9529 17.0468 27.4362 1
85.6534 18.9292 7.12148 0
90.1858 1.28305 15.571 1
91.4432 9.92862 17.4632 0
83.1144 -43.0761 -11.1494 1
79.8104 -53.1339 -13.7128 0
79.0097 -49.1189 -29.3645 1
87.8711 -46.3422 3.0431 1
88.2209 42.3465 -17.2026 1
90.8871 -2.68752 0.628513 1
97.7595 24.9843 53.7442 1
88.9392 56.155 -17.073 1
74.0607 -43.8425 -31.6111 0
85.0301 -36.2319 44.5471 1
88.937 -47.801 -6.4587 1
96.128 9.217 38.0895 1
92.0695 48.7138 -16.3428 1
86.079 58.5228 -38.3319 1
91.4203 19.879 1.12835 1
87.4942 -41.0242 48.1754 0
81.1664 -46.083 -17.9871 0
98.7132 10.5911 31.0454 1
99.6906 12.4673 49.2906 1
88.4304 -34.924 10.5305 1
77.9901 -36.8734 -33.4934 0
86.2183 -10.8428 -43.0543 1
87.5508 -17.4563 -7.71204 1
87.6604 -18.0174 -0.827005 1
79.8385 -42.6911 -39.7734 1
80.9397 -40.4578 -24.4252 0
88.4599 -28.9655 1.22832 1
88.4216 -25.5458 7.59569 0
91.125 -8.79077 7.07211 1
81.5882 -51.6781 -42.8289 0
91.64 55.1122 -50.1599 1
97.8761 0.450349 38.1703 1
89.6501 -8.90997 17.1825 0
92.331 -49.226 7.33084 1
88.4755 -25.0358 26.0489 1
88.8428 -21.6775 35.7627 1
93.5111 13.9152 -12.9228 1
83.8351 -46.7164 -28.0638 1
91.0385 -19.5867 -23.3375 1
92.4819 -56.3811 -6.03801 1
86.4124 -13.8516 51.0763 1
93.113 4.50009 -21.9772 1
87.9562 -56.4313 -31.6396 1
83.697 -41.1555 -41.2877 1
82.941 -26.1378 -51.1203 1
86.052 -35.765 -43.4582 1
86.5565 -34.3367 -57.5687 1
92.3833 21.4848 -8.21017 0
86.903 -29.0869 -40.4902 1
85.627 -18.1428 57.9158 1
91.3489 -54.0107 -54.1967 1
89.8987 45.3619 -38.9128 1
91.2946 -46.8912 -52.698 1
87.0107 -31.5411 -27.8212 1
91.1981 -17.3251 13.3003 1
89.4416 -58.2414 12.7333 0
89.353 -45.4782 -34.5677 0
92.5105 38.6925 -40.91 1
87.326 -35.8618 -4.87749 0
96.787 -57.2085 57.3665 1
99.1543 27.9484 35.0645 1
102.95 18.2004 40.5624 1
93.1213 59.9484 -42.8671 1
94.5236 -3.05965 13.4491 0
93.9432 -45.1968 -56.9926 1
84.5031 -35.5299 29.7537 0
96.4575 -48.2272 54.8491 0
97.117 54.3157 44.7113 1
94.2528 -59.834 -35.8732 1
97.2354 -57.8288 41.3878 1
90.9924 -47.7603 -44.5192 0
92.4267 -42.4655 -35.4887 1
91.7654 -32.9057 -52.4391 1
99.8755 -58.1464 -53.2357 1
94.463 49.5048 -30.5325 1
91.6935 58.2615 27.0954 0
88.2809 -18.1592 -55.1615 1
92.396 -56.5313 20.886 0
92.8924 36.9583 -30.7871 1
90.0139 -9.94607 -55.5468 1
92.2443 -14.0716 48.5862 1
91.7194 -24.0999 59.4854 0
94.9707 -1.81032 46.847 0
104.105 17.767 32.4662 1
90.4488 -52.1616 -24.9505 1
93.7904 -57.82 -19.1179 1
89.7379 -45.9027 38.7107 1
86.5534 -44.7794 -20.2487 0
96.2459 -50.857 37.8181 1
90.799 -34.7886 47.1176 1
96.767 -6.19274 6.27101 1
96.6085 7.23427 -4.68972 1
96.8665 12.7775 0.449513 1
92.843 -27.5116 -0.421798 1
92.9425 19.1791 9.01636 0
90.2744 -39.4937 -13.8121 1
94.21 -26.87 -7.57432 1
93.7795 31.8996 12.7667 1
93.8263 -28.7769 -17.4388 1
94.6885 -33.0107 57.8225 1
95.9469 -49.6502 -14.0354 1
95.266 -20.0741 3.74712 0
90.6172 44.2588 6.05504 1
96.0507 -38.5426 -3.64209 1
94.7899 23.1212 12.292 0
92.9146 -28.7677 -29.9706 1
93.6171 40.7186 2.35801 1
91.3154 49.3191 16.1403 0
99.9424 18.682 22.8178 1
96.1787 3.23645 10.4492 0
97.6643 -12.6416 -4.4821 1
91.845 -20.4703 -42.382 1
95.3906 -20.1272 54.0128 1
92.5966 30.8465 -9.38372 1
93.3146 -22.2669 39.1805 1
92.2963 -13.1998 -36.9967 1
97.8867 1.82524 3.93374 0
96.2095 -14.4394 39.0346 1
93.602 41.2119 -7.82168 0
95.6156 -37.1095 -41.8279 1
97.0188 -4.81822 -12.9547 1
94.6779 -9.25099 -30.1739 1
97.7721 -0.307166 24.4914 1
88.6837 -3.53411 -31.1547 0
92.6473 -29.2168 20.2567 1
97.6219 -9.81523 13.9779 1
92.5985 -28.9033 33.8019 0
99.2128 -48.5208 -4.15851 1
90.82 22.2898 -37.3429 1
99.5782 -4.81868 36.4302 1
99.7748 28.9641 18.1057 1
94.5186 -58.8771 6.3844 1
94.3178 55.3617 2.52821 0
97.7178 34.9825 5.6376 1
99.3342 34.1493 27.8959 0
98.6548 -39.9025 56.8095 1
97.679 16.4483 7.71787 1
100.06 -7.37362 26.3789 1
96.4025 -35.9676 9.47113 1
94.3317 -9.92038 -49.1242 1
98.756 21.6384 -0.00513152 0
94.3994 50.7971 10.8701 0
92.9381 -45.1406 19.6837 1
97.2391 46.4419 -50.9773 1
93.12 29.2002 -38.3728 0
96.477 -52.768 -41.4367 0
98.8754 48.7944 -36.6303 1
100.92 14.7793 11.7357 1
94.0261 27.8674 -26.0272 1
94.9984 -50.8134 27.986 0
97.6893 -42.3708 -46.8774 0
92.5642 0.717738 -33.487 1
98.2769 35.5182 -31.9658 1
102.611 -5.8467 15.2995 1
93.1053 27.9189 -18.5494 0
104.52 22.9059 15.5186 1
96.7963 44.3901 -13.4581 1
97.7389 -19.3921 26.6564 1
100.876 47.199 54.2426 1
91.6752 -34.1113 28.3179 0
98.3802 -27.6603 19.004 1
93.7186 13.7616 -34.0781 1
98.3362 39.4103 -50.7906 1
96.9648 30.5844 -53.824 1
86.9959 3.91932 -40.4695 0
103.123 6.51205 0.459993 1
100.837 39.0651 47.0729 1
99.8673 -35.889 15.5007 1
100.014 47.2316 -23.8746 1
92.6954 -36.0546 37.7311 0
98.8824 40.5921 16.7195 1
100.345 -16.3785 29.0077 0
105.231 -0.897025 5.79257 1
103.14 44.498 -33.161 1
102.778 34.8151 8.55015 1
103.003 -12.5833 22.9768 0
98.8108 6.58092 -21.1882 1
92.0971 -44.0689 32.2372 0
102.843 31.5601 53.2033 1
106.134 14.5646 9.8631 1
103.39 59.9161 -59.6888 1
101.629 -16.7331 5.33784 1
102.124 -49.774 -57.8449 0
91.4846 -0.939193 -42.7311 0
99.4153 6.60397 -29.8911 1
100.558 -36.021 -54.4087 1
101.267 30.8193 41.2849 0
99.6765 30.775 -44.5467 1
99.1127 23.3533 -27.2977 1
104.177 -18.4585 11.3756 1
102.9 -56.3025 53.6827 0
106.114 21.0986 47.1416 1
102.487 -50.8833 46.8432 1
105.508 -0.364478 -6.0681 1
97.4046 -38.9047 42.5844 1
104.333 -10.7177 -6.96502 1
99.3551 -30.6185 47.408 1
98.7429 20.082 -45.5185 1
104.711 27.416 -59.5705 1
102.809 21.9358 -33.6269 1
96.9357 -30.703 39.0325 0
98.0984 29.2748 -13.947 1
105.907 -6.19518 28.153 1
96.0668 20.7413 -14.5477 0
103.521 -34.0028 59.5769 1
96.8022 32.9218 -4.07261 0
100.778 38.7623 -7.13523 0
100.049 19.8356 -53.7455 0
104.786 31.6258 -53.3636 0
101.917 -24.9992 44.244 1
94.3729 48.9403 38.69 0
100.348 -21.6275 -11.236 1
98.5813 -36.8016 29.5517 1
106.634 5.43632 16.7023 1
104.333 50.2311 -48.5358 1
104.94 -26.2158 23.4881 1
97.7564 4.68384 56.1049 1
101.374 8.34368 58.2824 1
107.042 54.1959 58.6981 1
109.543 10.4555 17.7374 1
97.0814 -44.832 24.6482 0
96.3651 8.58286 -49.5899 1
98.1629 43.9169 39.4178 0
98.4593 6.31049 -43.7098 1
111.458 10.7192 8.15891 1
98.9171 -5.64346 57.5251 1
101.578 -38.7546 23.0112 0
108.781 12.9372 29.4609 1
100.437 0.832603 -44.8358 1
99.0453 -53.9115 26.8055 1
100.59 -29.9374 -3.93098 0
105.96 33.8884 -37.3497 1
102.884 6.32637 -12.5576 0
101.071 -46.5131 5.77851 1
105.211 7.89677 -59.8151 1
104.841 -35.688 13.3924 1
104.626 58.2835 45.1725 0
99.4472 -46.7747 35.2324 0
101.644 -16.0102 51.0608 1
106.309 18.7922 -56.9475 0
100.677 16.1657 -9.72498 0
98.9466 -13.1069 -41.0894 1
97.8769 -25.9854 -37.0934 1
102.545 23.1673 -9.52461 0
102.629 29.53 -16.9202 1
104.12 -9.40496 51.1038 1
104.567 -6.3629 -59.9358 1
105.548 -21.1932 55.9504 1
105.885 -30.3513 5.22679 1
101.758 -14.8162 37.9287 0
105.417 4.42466 -53.9018 0
103.729 -7.57391 -50.3223 1
106.088 -22.3488 36.8692 1
107.319 -6.46106 47.4371 1
102.967 -17.6798 -50.1503 1
103.57 -24.4063 -47.7539 1
98.0161 -35.5065 -30.5146 1
102.807 -8.34254 -35.1589 1
108.256 -5.06918 -47.5206 1
102.526 -10.8227 -28.0398 1
110.766 -12.002 -59.5868 1
102.51 -13.4942 -20.8216 1
106.672 -0.999202 -14.0192 1
108.691 -13.5267 18.0151 1
109.762 -10.2341 29.4913 1
106.156 -20.2485 -39.8514 1
105.374 -19.4882 -9.26057 1
104.827 -31.6944 -41.0862 1
109.098 -3.57416 43.758 1
109.907 -20.37 7.56035 1
109.924 -28.1422 13.4137 0
112.995 -12.4863 16.3591 1
102.134 -42.0969 -39.7963 1
104.368 -38.24 31.6446 1
105.891 -0.164019 -23.2718 1
103.02 41.6356 59.4609 0
102.969 11.8834 -16.8768 0
109.84 -5.35254 -21.7466 1
100.182 -30.806 -22.7075 1
111.237 -11.9259 -0.650642 1
111.629 -21.4308 27.2291 1
105.42 5.58623 -34.4543 1
109.332 1.46047 -28.9749 0
105.406 -28.2566 -27.8067 1
105.817 14.6387 -43.6924 1
106.332 19.7413 -14.8621 1
107.257 15.3379 -31.5835 1
108.682 -23.4934 -28.8342 1
107.935 18.6947 -23.1925 0
114.793 -11.7784 7.89759 0
111.925 7.60731 27.1334 1
106.909 -45.1619 55.2715 1
105.265 29.3745 3.15229 1
109.494 -19.1914 -21.4416 0
113.675 -6.39594 -4.28567 1
111.044 7.58731 -16.7544 1
112.712 14.1564 -18.4675 1
110.136 9.74818 -40.5101 1
112.27 -19.4638 -1.14282 0
112.699 -13.2567 -23.572 1
107.98 12.0152 -53.2151 0
111.552 -28.9386 28.1195 1
112.858 -4.76538 39.6824 1
113.533 -27.0475 19.9426 0
113.235 -6.15403 -33.5484 1
108.752 23.0006 -2.22944 1
109.768 2.69965 -41.2917 0
112.932 19.2022 1.12753 1
113.079 -13.6673 36.1906 0
112.529 19.028 23.8821 1
105.657 -28.4872 -9.51026 0
114.045 0.538963 20.1047 1
114.655 3.31821 -1.82083 1
115.687 16.582 -3.13343 1
116.568 -19.7455 12.9839 0
111.974 -22.7606 -40.3322 1
116.534 15.54 -13.831 1
119.422 7.79918 -1.05565 1
109.404 -38.774 25.2642 1
100.886 -34.6732 -12.578 0
110.571 -38.1758 33.4575 1
107.175 19.2742 -51.1123 0
103.302 -44.9037 -5.0923 1
106.211 -45.2946 18.3565 1
110.182 14.9389 46.8558 1
119.191 6.65351 -14.2227 1
106.863 -48.3321 14.3992 1
108.35 -35.0803 -59.1957 1
110.058 -27.5757 -59.4022 1
108.381 -47.694 7.24796 1
113.25 -37.8708 10.2784 1
115.64 19.3429 10.6062 1
105.218 -44.6876 39.0306 0
109.438 -32.1955 45.9506 1
98.0539 55.6767 13.9522 1
112.227 -19.2441 42.7755 0
116.206 -11.9407 -9.41842 1
117.299 -5.52298 -27.469 1
112.064 -24.001 -5.74591 1
115.471 -22.7689 37.3158 1
113.261 -35.9342 42.333 1
109.861 -43.2169 43.589 0
97.4376 50.6159 24.3723 1
110.856 23.386 55.5323 1
105.057 -56.754 7.98233 1
114.823 5.04533 37.1433 1
115.735 -13.9943 48.6571 1
113.437 -43.0577 28.1384 0
101.184 41.9798 35.293 1
101.199 46.3966 28.6566 1
100.076 -58.5411 18.6563 0
119.777 -18.322 40.7613 1
107.741 31.0831 18.2717 0
115.21 -34.6108 51.7446 0
103.34 58.0097 27.1943 1
114.962 -25.8909 58.5596 1
102.683 -49.2093 -39.2329 1
107.237 50.3424 -42.6423 1
106.734 42.3814 -28.1045 1
100.427 -54.8981 -34.5528 0
105.649 36.6983 -17.5476 1
115.615 -12.76 -59.2533 1
118.225 -31.7112 25.6508 1
112.491 17.9804 -29.655 1
113.444 25.4304 21.582 1
109.347 5.77984 49.399 0
118.912 -18.5975 55.7812 0
111.25 27.6413 -30.515 1
103.369 -54.0754 -44.4533 0
109.496 28.3679 -46.5141 1
107.329 -31.8062 -18.5061 1
114.111 17.262 -39.3993 0
111.643 -29.9304 -15.0208 1
114.63 10.6276 49.33 1
110.362 39.448 -35.2467 0
109.832 -36.6493 -5.02602 1
112.169 -38.7318 -9.54796 1
118.124 10.101 41.6943 1
110.144 34.5791 -17.9941 1
120.571 -4.01904 -14.0836 1
118.171 23.4659 12.9267 1
115.871 6.14489 54.8465 1
123.21 1.15549 -17.1216 1
115.213 -25.8159 -25.5263 1
118.097 -24.396 -15.5967 1
121.205 -19.5047 -18.5614 1
119.76 -24.0149 -6.21578 1
119.261 -14.5184 -30.8654 1
115.714 -15.4241 -45.8478 1
116.036 -22.7468 -45.0654 1
116.151 -4.59308 -42.7562 1
117.47 6.81937 -35.3393 1
117.687 -26.2115 -49.0212 1
121.294 -6.1097 -38.0066 1
124.164 -18.6317 -8.32105 1
124.39 3.86717 -23.5949 1
126.465 -10.9745 -15.2097 1
126.23 -6.36743 -31.1285 1
99.7381 -58.5035 -23.1467 1
113.532 22.2136 -57.2684 1
108.442 -41.4845 -41.0755 1
126.112 -16.0222 -29.9986 1
102.139 -56.5858 -10.0947 1
119.751 -8.10018 55.991 1
108.781 -49.1729 -45.2868 1
113.99 27.7395 -50.1368 1
115.476 13.9592 -46.8522 1
119.477 -5.08419 47.7749 0
120.53 23.7561 4.14765 0
118.547 -3.68108 -51.6479 1
109.131 57.5681 -42.914 1
103.082 55.392 7.08564 1
118.464 5.67003 -49.1388 1
125.045 -0.494779 -41.0566 1
105.986 50.7748 20.9039 1
124.457 -22.9628 -30.6005 1
115.911 -34.3346 -37.0915 1
110.294 35.6606 13.0734 1
107.962 -37.4827 -25.9453 0
111.748 -35.0915 1.47106 0
108.38 36.3285 -1.40771 1
116.462 1.05333 29.9197 0
117.135 -33.4961 -50.8921 1
123.338 -14.0096 -51.8622 1
129.389 -21.7059 -21.3551 1
115.482 28.4341 -18.1015 1
120.111 16.9142 -28.7524 1
124.588 -16.0757 59.1838 1
115.386 33.0261 -11.781 1
109.104 43.9738 21.361 1
115.38 30.9446 -32.0288 1
113.552 31.3729 24.1213 1
102.036 52.8614 -1.01355 1
110.873 29.699 32.1714 1
102.859 53.5064 -12.6956 1
117.904 18.7768 36.1484 1
119.631 -35.3063 -33.3157 1
121.022 18.7108 -42.7719 1
121.788 23.2108 -34.71 0
130.831 -7.88113 -19.5364 1
110.038 44.3017 -13.6625 1
125.902 9.25625 -39.1174 1
129.646 -14.5341 -38.1459 1
103.795 48.1566 -7.76192 0
103.531 -55.4601 -27.4651 1
104.747 -50.8043 -13.6329 0
103.327 44.6077 -1.92563 0
108.31 52.5622 -24.2134 1
111.915 -59.7388 -36.7305 1
110.368 -57.3433 -25.6422 1
123.556 18.9377 -26.1876 1
115.839 3.30493 -54.5539 0
116.654 39.9665 -19.2448 1
112.18 42.8598 14.5426 1
104.716 -42.9021 -26.4678 1
114.605 -51.8393 -37.994 0
109.059 -41.3829 -22.5538 1
131.066 -4.54221 -27.3926 0
110.884 -47.414 -15.676 1
123.084 22.1583 -16.4831 1
121.069 29.4682 14.6268 1
113.857 -48.3054 -46.0939 1
109.144 43.1223 -56.2212 1
118.125 -38.6129 -13.9961 1
111.313 42.4349 -0.776111 1
117.768 32.1757 0.435984 1
115.08 54.2927 -35.5016 1
121.847 29.3953 -3.04178 1
111.331 48.7513 5.55677 1
111.804 34.5982 -42.0845 0
124.54 4.51544 -5.59191 1
111.434 43.0994 -47.6799 0
115.447 29.9234 34.7725 1
108.553 36.2762 32.5422 0
117.715 30.6153 -45.6294 1
120.945 15.3563 45.0265 0
112.202 52.128 -7.32526 1
109.943 30.2411 42.7564 0
111.357 57.4719 -0.862237 0
111.462 -54.2895 2.87954 1
126.817 21.653 -39.3146 1
118.942 36.8792 -36.0556 1
112.916 -59.0316 -18.1853 1
115.164 55.1575 5.3307 1
116.175 -51.2137 -23.2566 1
111.218 37.2938 56.4646 1
119.853 43.0544 -14.4418 1
120.815 40.84 -27.919 1
125.435 30.4533 -21.0981 1
120.148 -6.30252 2.98793 1
119.133 -0.638483 13.2339 1
121.722 46.4773 -22.0928 1
123.877 6.80239 4.80227 1
109.873 -50.3968 -4.04382 0
119.499 56.26 -18.404 1
112.229 -54.7284 -53.3988 1
129.691 19.8546 -28.5866 1
126.073 26.8103 -6.97045 1
114.873 -46.4051 -31.3469 0
117.576 -6.84352 22.4124 0
120.234 56.4694 -30.0816 1
121.04 -51.4673 -26.2043 1
127.168 17.2739 -0.535962 1
124.147 -34.9475 -26.5682 1
120.399 6.90647 15.8002 0
128.794 28.8337 -33.2052 1
123.369 1.06908 -58.4024 1
123.454 9.80979 -54.2067 1
130.374 9.40667 -38.0441 1
124.311 32.8216 9.81891 1
121.259 11.8158 59.6093 0
113.858 -57.079 -9.32259 0
114.131 27.1209 48.814 0
130.591 10.4524 -47.1953 1
121.45 19.7927 59.279 1
126.024 24.374 -50.4243 1
128.081 13.106 -59.5684 1
118.061 -45.9232 -49.3557 1
125.346 3.19032 51.822 1
115.791 46.0702 10.0911 0
129.889 7.06347 -9.79853 1
117.421 -55.9264 -5.97142 1
121.804 6.65 35.3918 1
121.651 27.8287 29.4632 1
122.24 41.5028 -0.56589 1
123.714 -11.8393 4.14495 1
122.693 -36.6056 -49.23 1
126.183 -24.5352 -53.2807 1
110.493 -55.4355 19.3068 1
128.538 -24.2086 -41.0969 1
123.634 -1.15821 15.6703 1
125.494 -38.9767 -41.6837 1
128.448 14.8004 -13.6311 0
128.588 7.06942 7.56673 1
121.289 -16.8418 10.1173 1
124.799 17.7278 35.9212 1
121.444 -26.9051 1.7084 1
126.846 11.4366 49.2347 0
129.947 28.0644 -7.33806 1
118.642 -49.7548 -12.2042 0
130.478 33.7686 -16.5838 1
131.412 19.768 3.4283 1
112.119 59.4965 24.5485 1
125.063 14.3283 28.4805 1
117.84 -38.6197 11.6016 1
127.16 12.9404 14.6306 1
120.601 -38.823 18.2765 1
114.797 -57.0541 11.8278 0
107.383 -58.106 37.2903 1
127.28 31.5137 16.1579 1
130.894 25.0723 15.7454 1
126.677 -0.93749 19.1099 1
128.252 10.2657 26.9601 1
111.293 -56.2971 36.5956 1
120.312 53.2058 1.22723 1
112.55 -50.4391 30.3382 0
111.644 -48.2963 49.5337 1
109.401 43.2706 34.3586 1
125.568 42.2372 7.7779 1
130.331 17.4824 21.1905 0
115.269 -50.3981 36.6687 1
115.04 -47.892 56.3276 1
123.683 54.9587 -13.6492 1
125.754 52.8954 -6.35493 1
124.763 -37.8295 -54.3478 1
117.952 -39.1038 45.462 1
117.223 -58.5833 26.1459 1
120.737 -41.9693 38.7971 1
132.496 2.79448 12.498 0
128.597 49.2955 -1.24985 1
131.564 39.7964 0.368299 1
131.051 5.03042 21.7311 0
130.179 -10.4113 -5.7755 1
128.82 -23.5951 -5.74927 1
132.058 -3.26014 -4.52064 0
122.805 -38.6487 -13.683 1
120.619 -43.9756 0.320818 1
124.761 -45.1446 -13.4975 1
116.445 -49.0291 7.63775 0
119.964 -45.7551 -57.4107 0
119.273 21.1703 49.0832 0
116.425 52.6589 23.9969 0
114.848 -57.0056 48.8146 1
117.284 44.2329 18.9756 0
122.742 -47.3133 -33.8284 0
109.175 48.8187 46.0143 1
123.129 -59.0318 3.20352 1
121.633 47.958 18.8518 1
114.338 52.7372 38.1972 1
125.823 -57.9969 -4.47668 0
127.524 -43.5055 -37.9332 1
120.201 -49.977 49.5291 0
119.647 -54.1164 -53.8227 1
116.133 46.1204 34.6706 1
114.039 37.2289 45.6125 1
135.423 29.7831 9.07837 1
122.395 -25.5611 42.2149 1
120.612 45.7194 31.9712 1
122.452 -28.672 31.7388 0
120.831 -56.1363 23.4825 1
123.891 -55.0683 9.53619 1
123.158 -43.5659 24.1707 1
136.009 17.0042 4.32565 1
128.714 -37.6412 -25.1992 1
123.746 -11.7958 41.033 1
125.619 52.3468 14.0376 1
132.233 -29.6626 -40.6839 1
123.903 -3.41752 31.3409 1
119 33.6673 -57.541 1
118.471 34.6505 49.3311 1
123.029 34.929 -57.9637 1
130.797 -18.5539 -55.3553 1
122.942 -48.8567 41.7174 1
126.482 -27.4744 39.0708 1
120.819 -59.9145 39.88 0
126.713 -38.6578 31.0924 1
115.8 48.8153 -47.5542 1
125.316 -58.2319 30.1582 1
126.443 -25.0347 46.7114 1
134.471 -10.698 -12.0985 0
128.113 -51.3657 27.3138 1
133.373 -19.6909 -30.8082 0
118.601 -58.1295 57.6836 0
127.405 34.5965 24.7089 1
129.901 29.4059 28.779 1
120.201 47.8772 -41.0883 1
125.363 -56.3788 -33.3822 1
126.692 24.3433 34.629 0
115.284 49.8869 55.4987 1
119.633 57.7271 -55.8606 1
127.579 -53.1757 14.8338 1
126.692 -26.0302 53.6165 1
130.536 -33.4932 -11.5879 1
125.078 43.5423 31.3365 1
120.979 48.2635 -53.7672 1
122.794 -56.5911 48.202 1
120.876 48.1343 53.499 1
127.59 -46.8357 -7.30421 1
121.29 -24.716 15.8612 1
125.497 -36.5345 11.2832 1
123.122 -28.167 7.59749 0
128.31 -36.4423 46.0962 1
129.102 58.0719 15.7261 0
130.933 -20.7534 2.84485 1
125.776 -37.7399 4.17389 0
132.019 -29.6716 -0.561974 0
131.966 -9.93066 -47.514 1
123.559 53.5103 49.3724 1
133.822 -2.94297 -35.0953 1
130.869 -37.4604 31.666 1
137.359 12.2567 9.62734 1
129.296 -49.3549 1.75095 1
124.49 44.3537 39.5511 1
127.867 -41.6906 -1.06973 0
128.898 -28.3534 12.1633 1
127.355 -36.5117 59.2074 1
133.291 -6.53497 1.41903 1
123.417 34.1464 48.7628 1
131.454 -39.7305 46.6587 1
132.528 -31.0598 -58.3745 1
130.2 -56.0443 35.6654 1
131.768 -9.11149 59.771 1
126.415 -8.7926 37.6751 1
129.181 -1.7888 48.606 1
132.459 -42.1773 -37.2195 1
135.036 -28.3596 -45.7596 1
134.28 25.6213 -15.9886 1
123.663 42.86 59.7939 0
135.473 19.5345 -21.2778 1
129.223 10.5718 -20.0597 0
136.805 10.5946 -1.88667 1
134.871 4.96439 -30.0964 1
131.726 -18.0264 53.615 0
128.208 0.310272 36.8311 0
131.47 11.2512 55.023 1
128.161 49.755 45.0857 1
136.992 12.0347 -19.7104 1
131.859 50.044 13.836 1
126.215 -43.5653 52.1441 0
125.765 23.468 47.9708 1
129.224 23.8597 42.4597 1
135.645 -8.04216 -54.493 1
134.189 -33.9877 -30.3511 0
130.054 26.5917 -57.9928 1
132.749 24.1279 -50.3057 1
130.305 -56.2814 1.53099 0
132.801 19.5434 56.3759 0
136.009 14.2387 17.7245 0
133.662 -59.1669 6.71916 1
134.958 42.9376 14.738 1
129.904 -42.4115 15.0782 0
136.102 9.86808 -46.4306 1
137.555 -4.06188 -48.0007 1
124.19 -23.8768 24.1752 0
137.549 -2.44838 -38.2662 0
141.009 1.56321 -45.8731 1
125.621 45.5706 -34.0344 1
119.37 -15.3215 26.6431 0
125.958 40.0871 -51.1141 0
136.175 2.71455 -53.9499 0
125.406 -12.6934 28.8529 0
140.232 18.2846 14.3612 1
134.018 -37.4346 -8.65581 1
136.659 32.084 -10.3253 1
132.011 -47.1053 46.5835 1
131.25 -51.9371 -11.7232 1
129.875 31.9787 -42.6734 1
125.168 -54.585 -21.004 0
135.981 24.9385 -26.9595 0
126.492 54.1592 -40.4169 1
126.856 -43.5639 -57.6331 0
133.702 -53.8818 43.6745 1
136.986 33.8434 -2.0223 0
128.047 38.4081 -43.3756 0
130.177 -52.631 -27.4848 0
139.521 33.0888 6.09503 1
132.912 -47.409 -30.4103 0
129.412 -55.2527 -38.9093 1
133.502 22.675 33.5503 0
131.09 57.4036 -39.7389 1
133.137 51.1268 -5.4935 1
130.637 41.8949 -29.1856 1
129.274 36.9642 39.9438 0
137.927 31.3755 20.7407 1
136.167 -29.8402 -13.6629 0
134.193 30.2092 32.0497 1
135.603 16.6236 28.8886 0
130.706 0.838333 29.4885 0
128.081 -57.6611 -51.2755 1
136.232 -25.5222 -26.8236 1
131.519 -6.65279 10.8798 0
128.995 -15.0472 14.6526 1
133.731 -46.2044 -21.8386 1
129.589 -22.4929 18.7235 0
138.468 -19.4748 -38.0667 1
134.693 18.9135 49.2755 1
136.887 -40.3346 -30.2813 0
124.312 -17.0716 21.8475 0
130.167 52.3871 -20.7288 1
138.433 9.89005 -11.3646 1
140.73 7.24273 -33.4861 1
131.528 55.9322 -32.0631 0
138.007 -37.6605 -8.95842 1
137.265 9.16661 -59.1186 1
131.669 -30.7728 23.8907 1
134.661 -25.891 9.84571 1
130 40.7687 49.1959 1
133.339 51.9055 -12.3824 0
126.691 -19.9911 29.9229 0
134.309 54.5278 -24.5705 1
132.36 50.0283 46.4262 1
128.521 50.9463 -59.6251 1
134.662 56.9543 38.8568 1
126.725 51.463 25.3942 0
128.868 45.7839 -53.3582 0
136.149 -54.2375 -17.349 1
132.692 4.19237 42.1756 1
138.295 -38.2346 -21.0169 1
132.143 -24.6351 27.0063 0
137.454 57.9309 -7.65598 1
142.638 10.9337 -28.0687 1
136.325 -57.5332 47.2088 1
137.402 -12.035 -5.0066 1
136.855 12.3098 42.3894 1
140.653 -34.3303 -27.2641 0
132.604 -9.26288 41.5658 1
142.371 13.825 -9.9069 1
143.331 20.2574 -24.054 1
134.413 29.3359 52.2414 1
143.282 24.6779 -6.24045 1
132.211 -18.0809 31.5694 1
132.998 54.9718 53.5677 0
132.325 -15.9354 22.0901 0
133.146 36.8234 -57.8342 1
133.682 51.3373 -59.3769 1
133.896 -8.40024 50.7712 0
134.432 52.7305 -44.7315 1
132.075 -55.9599 -52.5764 1
139.968 -25.7327 -44.9294 1
137.396 -25.9382 -59.2084 1
136.478 36.0874 -22.2834 1
145.104 21.8134 9.14073 1
131.773 -51.2726 -56.761 1
142.287 -11.8427 -42.0212 1
137.543 28.0992 44.4684 1
132.03 -49.0388 57.8794 0
143.186 -10.2374 -48.9821 0
145.333 3.54971 -46.1866 1
145.159 -20.6797 -45.0978 1
135.405 32.3542 -42.4951 1
137.019 42.2073 -56.6308 1
138.406 52.4196 -46.24 1
137.887 42.7657 -24.2255 1
136.045 -40.2644 35.3354 1
135.544 -35.7919 22.0287 1
137.639 39.0605 -43.1925 1
137.487 -17.61 58.7569 0
139.868 51.8932 -33.0429 1
141.443 42.0478 -49.8813 1
140.52 59.1917 -42.3643 1
132.712 -43.5188 -57.31 0
137.718 43.3288 -35.6426 0
137.915 -48.3091 -44.375 1
141.235 17.3526 -50.0957 1
139.794 -56.3612 -20.3038 1
142.82 44.149 -40.7318 0
141.995 28.5084 -50.3564 1
139.05 31.8931 31.0175 1
140.427 -0.944326 59.5389 1
137.535 37.7643 42.1856 1
135.804 -26.1182 39.4327 1
130.407 43.9076 27.2984 0
145.392 16.1924 -2.47547 0
139.908 40.3313 35.8225 1
138.496 -3.91884 52.8508 0
138.287 42.7903 50.0513 0
135.797 -31.7917 55.3104 0
134.546 -41.5359 8.11852 1
137.409 -17.2493 43.4605 1
143.862 20.9071 -45.239 1
136.612 -52.4415 30.6272 1
143.085 25.23 -38.746 1
138.649 -51.7734 51.124 1
139.76 -55.1925 -51.1997 0
139.89 -43.8746 -35.992 0
140.637 -50.9565 -34.7557 1
139.775 3.38545 -9.03858 0
148.196 8.72944 -48.9813 1
139.637 -44.6024 53.4632 1
143.413 11.8623 58.4641 1
139.427 -35.9564 -58.1539 1
140.158 3.35932 50.4586 0
141.033 21.7845 -33.2221 0
141.927 15.9599 46.2599 1
142.382 41.2346 -29.0239 1
148.201 6.32399 59.5933 1
140.693 -2.89763 46.9231 1
138.587 -36.937 10.7987 1
139.006 -42.8585 29.7826 0
136.532 54.9961 32.0126 1
138.637 -23.5316 3.44228 1
140.969 -14.2493 47.055 1
140.183 49.1577 33.0872 1
138.758 -29.786 -3.09706 0
140.925 37.9922 -9.33944 1
139.606 58.1726 59.501 1
145.028 17.0796 -38.6744 0
143.92 50.8868 -24.6659 1
136.729 -13.9544 31.2468 1
134.551 48.2297 23.4544 0
143.457 -31.1886 -44.6048 1
138.35 48.857 51.8498 0
141.81 55.9594 -11.1159 1
144.474 -53.1126 -18.3741 1
144.061 -37.1384 -50.362 1
142.999 -40.3664 -44.3622 0
145.607 48.09 -17.9611 1
150.63 6.21266 -42.5762 1
139.145 -49.9993 -3.50175 1
142.505 -24.3258 57.1204 1
140.431 41.4266 17.805 1
140.377 -47.7145 -52.6851 0
141.894 -41.8157 0.845164 1
137.555 -12.2544 25.9979 1
140.421 -23.7861 27.7994 1
153.246 1.489 -51.6061 1
142.272 -38.0192 44.0384 1
143.345 40.8525 -3.26521 1
140.657 49.2406 4.30665 1
147.013 27.0503 -12.0194 1
145.76 41.9453 -14.6585 0
144.618 43.2768 38.868 1
136.986 55.7255 18.3824 1
145.658 27.6375 -24.4281 1
136.382 -8.94908 19.2041 1
141.518 -22.153 19.7701 1
136.629 -54.0186 12.2615 1
139.015 -53.3109 19.1959 1
140.403 -1.99541 39.3256 0
142.974 -56.1836 0.631732 1
143.188 -28.9772 6.87946 1
144.217 55.6404 1.73802 0
143.48 52.6362 -54.6394 0
142.767 36.3236 10.2456 0
141.841 35.5678 54.911 1
147.21 51.8793 -5.30491 1
144.089 42.8755 54.0169 0
142.127 -34.7101 25.816 1
147.623 38.6437 0.556268 1
137.449 2.93541 33.2941 1
143.727 49.8034 11.8564 0
149.98 54.0651 -15.3037 1
142.296 26.7782 59.8024 0
145.925 -47.4104 -11.6703 1
145.533 -20.9103 17.4081 1
137.297 -0.375173 17.1875 1
143.962 -45.0139 9.40299 1
149.842 -55.5104 -12.6381 0
147.703 -54.8933 -24.3439 1
146.718 57.7778 -36.1085 1
147.276 -41.609 -3.46437 1
140.891 -2.01674 -2.28607 1
150.645 -51.9914 -6.42672 1
150.612 -43.4077 2.95271 1
145.697 42.0414 -54.8763 1
146.875 40.2846 -33.8643 1
145.131 20.4465 58.5381 0
143.795 -44.4219 -18.5251 0
147.287 -54.6895 10.1634 1
143.048 54.6796 21.3868 1
150.944 -58.5596 -29.4074 1
150.083 59.6658 -3.52222 0
148.58 46.4429 -34.6224 0
149.007 34.4739 -37.9946 1
140.634 -6.71461 32.1089 0
145.297 -11.6628 48.9355 1
141.446 -1.09344 12.8246 1
144.366 -53.6542 22.407 1
148.579 -50.4253 17.1812 1
147.41 -32.0039 14.1989 1
150.082 28.271 -5.10774 0
146.337 -29.5112 30.3047 1
140.24 0.119018 25.2996 0
151.392 -56.7491 11.0806 1
143.49 57.7076 29.026 0
138.548 -7.04813 8.54945 0
147.414 -41.8253 25.0309 1
150.027 42.3617 -49.1484 1
145.503 38.9117 26.5585 1
145.988 -27.3126 42.2732 1
143.821 -50.2722 -58.6566 1
151.01 29.6369 -32.7287 1
142.453 21.148 33.6262 1
138.997 21.7679 26.3647 0
146.468 -18.5426 10.6971 1
144.158 -31.8253 55.0894 0
148.674 43.2458 38.9686 1
135.939 8.40886 27.0221 0
147.917 -18.2284 42.2246 1
148.515 48.0765 18.8402 1
148.6 49.0979 27.142 0
153.031 -37.3132 6.02231 1
150.225 25.8768 -48.3199 1
147.981 31.4083 59.6511 1
147.278 -37.6951 -58.2158 1
152.405 26.086 -55.5655 1
150.135 -34.5794 33.8575 1
146.873 -19.4786 -59.2444 1
142.532 8.06448 29.2302 1
143.7 -54.8871 35.5579 1
140.355 6.55413 20.6596 0
145.304 52.8839 51.3508 1
152.567 56.7678 5.22167 1
146.055 -43.1417 45.1751 0
144.183 -0.934 33.0779 0
150.896 23.9988 -27.1052 0
147.297 -41.7067 38.7105 0
146.283 59.341 44.3302 1
151.703 50.0044 12.6281 0
151.244 44.3163 0.526206 1
155.729 51.2036 4.72146 1
147.035 41.8148 14.0421 0
155.412 19.8667 -52.1593 1
152.421 19.3271 -33.576 1
148.231 -48.5623 36.1497 0
147.556 -53.1682 53.6311 1
147.819 -51.7023 42.6974 0
151.755 -44.9157 28.4431 1
150.926 -56.7266 35.9333 1
147.595 -50.436 -36.7065 1
153.263 -33.5395 20.9363 1
147.513 48.1979 57.4537 0
143.627 -16.5594 -0.641813 1
155.82 -45.4832 23.7982 1
144.561 -2.79487 1.87609 1
154.864 -56.3314 31.865 1
149.045 -57.9478 59.3825 1
145.016 23.0524 23.9194 1
153.928 54.5747 30.6941 1
148.283 29.2697 13.6841 1
143.395 5.94526 2.60842 0
150.123 -14.336 -52.0299 1
149.176 59.1049 -49.6537 1
151.308 -41.5504 48.05 1
152.893 57.6569 -59.1833 1
149.329 -2.93912 56.1653 1
146.514 2.73703 41.5041 1
152.18 -5.31674 -58.1072 0
156.103 59.9548 25.682 0
151.766 -16.767 51.8287 1
154.516 -10.3672 -54.5279 1
158.873 -50.2047 28.7962 0
150.748 1.62802 46.9144 1
150.752 11.6618 51.0979 1
154.112 56.82 43.1532 1
152.782 41.9491 28.521 1
153.596 -34.1352 43.3194 1
151.352 28.4584 20.5182 1
151.341 -22.7675 36.1493 0
153.574 -25.8315 44.4014 0
152.97 -57.0902 46.8811 0
154.049 50.8114 -54.0458 1
155.789 55.7565 -8.82991 1
152.452 -4.93898 43.5414 0
148.055 21.0864 51.9979 0
155.916 36.5853 -49.8196 1
149.928 28.7898 51.7013 1
155.046 49.8225 -45.1026 1
155.301 52.256 48.2717 1
156.82 -53.8324 43.193 0
155.524 30.0827 56.4169 0
153.905 -59.171 -41.4331 1
150.093 -48.3109 -50.6282 1
157.247 57.9652 -36.2686 1
159.12 24.7567 -48.052 1
157.142 -49.4571 5.87205 1
153.35 -46.4193 57.6994 1
156.731 -35.6986 8.45468 1
160.813 31.5732 -55.7045 1
158.556 -54.1434 -6.53985 1
148.381 9.06731 34.807 1
151.959 -11.8132 39.0847 1
153.728 -47.2396 -46.7638 1
156.638 -19.8734 47.9857 1
151.498 18.1964 45.3451 1
146.318 -0.619273 -4.718 1
154.249 -29.8549 55.5152 1
158.046 -46.7285 14.4395 0
150.754 30.4283 40.898 1
155.111 22.3463 44.1017 1
152.886 -34.2071 -56.0634 0
157.378 15.116 54.3262 1
161.635 20.2339 57.3806 1
158.232 5.49821 52.1239 1
153.068 40.8791 -40.7046 0
152.66 -39.852 59.9973 0
154.606 43.5309 49.2697 1
146.744 0.0678561 13.1197 1
150.237 -12.7132 12.3665 1
149.48 -19.3634 6.00625 0
147.914 4.39656 19.9467 1
148.995 16.8393 14.9255 0
157.308 42.8908 41.1092 1
150.941 10.8068 26.2553 1
150.861 -2.45353 23.4375 1
150.182 -10.8573 -0.841334 1
158.343 -48.4134 -59.1133 1
158.622 32.7155 49.1529 1
156.45 -48.7462 -40.764 1
156.782 39.6557 27.7522 1
153.993 37.9863 12.5885 1
157.861 51.0652 25.7809 1
158.39 55.3655 13.959 1
159.124 51.8435 58.2741 1
164.784 20.2201 -56.1998 1
161.418 43.6326 -59.4227 1
156.569 11.5875 -41.7116 1
162.583 53.095 43.3158 1
148.297 -37.5503 -38.4452 1
148.691 7.14312 -28.8392 1
163.92 31.3525 54.4996 1
149.609 -2.17233 -36.0798 1
152.153 -6.1002 27.8187 1
148.439 -13.9608 30.145 0
158.818 44.0362 17.2712 0
153.138 -16.2165 23.1978 1
154.914 3.8075 38.7991 0
155.954 43.9064 7.97105 0
161.839 -48.8455 6.16148 1
160.751 59.1855 8.07025 0
160.089 -38.8855 17.6983 1
147.328 -10.9963 -36.4517 1
161.333 56.97 0.299553 0
161.611 58.5306 -55.2149 1
141.51 0.749387 -19.9645 1
161.903 57.2507 19.9679 1
158.831 31.3641 -37.8313 1
162.957 38.3516 -45.9181 1
149.337 3.24704 -21.0841 0
159.295 -35.6007 27.7848 1
155.576 0.343879 -33.8842 1
155.043 39.5498 -29.6066 1
152.098 22.7571 -18.8747 1
140.127 -5.48895 -18.9242 1
158.363 -33.978 39.267 1
157.992 -36.5018 51.2315 0
160.798 18.4678 -44.2221 0
137.483 -6.51861 -22.9289 0
154.722 42.0554 -22.8592 1
156.693 50.3973 -21.1438 1
159.062 57.7798 -23.6769 1
155.739 17.4079 -24.5975 1
149.462 8.96707 -15.3796 1
145.041 -8.51232 -28.2625 0
160.772 -57.0058 30.8541 0
164.032 -57.5447 24.9329 1
161.395 58.9506 -35.1961 1
158.378 28.5472 40.7103 0
162.573 45.5365 -37.4231 1
163.956 -43.1383 26.5506 1
159.91 19.611 41.757 1
161.216 -31.731 14.5283 1
159.955 -47.0827 40.4187 1
154.909 25.772 31.033 1
157.6 12.1891 -32.075 0
161.026 52.3228 -9.42839 1
157.942 3.78745 -47.5709 0
156.346 10.5653 31.2798 1
156.292 -6.33961 35.3194 0
151.841 41.4319 -11.7401 0
157.515 -20.2651 21.4021 1
156.579 -18.9981 12.6599 0
163.974 39.7164 -32.1911 1
165.472 54.5534 -44.8866 1
166.462 45.9586 59.2591 1
156.342 -39.8558 -49.7958 0
159.769 -53.478 -12.9764 1
149.889 -3.33094 -10.9464 1
169.046 52.5959 -56.1552 1
167.319 38.0948 51.9693 1
169.081 32.9302 -54.4342 1
158.468 -10.6393 30.8066 1
154.45 -5.41727 -1.17021 1
164.697 -29.341 18.7195 1
158.748 -43.2149 -42.294 1
154.775 -36.5275 -39.1614 1
162.964 -33.2763 39.5307 1
163.673 -25.8498 32.8887 1
150.762 -4.55757 -17.5393 1
155.819 14.5209 -15.1889 1
157.652 -53.1719 -19.2576 0
148.15 -32.2682 -32.569 1
166.969 27.9663 -42.3092 1
163.361 45.0452 47.9399 0
163.243 -53.0359 -55.5807 0
143.182 -28.2397 -26.645 0
152.989 -43.3682 -28.5987 1
167.863 29.3555 48.4095 1
156.44 -48.2967 -23.3561 0
149.9 -41.3998 -21.735 0
162.812 -51.3991 -32.9571 1
165.198 53.6287 -28.5996 0
169.217 50.2768 -35.1336 1
163.613 52.5686 -20.3533 0
162.285 -44.1861 46.1388 1
170.853 40.8484 -38.1092 1
161.153 -52.2184 54.9374 0
142.588 -34.4285 -19.5898 0
165.401 -21.4387 25.8509 1
165.148 -56.5531 -14.7077 1
162.192 26.381 -28.5591 1
168.148 -36.8363 36.7481 1
136.432 -17.9464 -14.5033 0
167.703 -42.1639 28.0545 0
147.904 -15.1572 -28.87 1
162.495 37.3187 -23.4412 1
142.24 -15.0394 -21.4867 1
150.3 -11.1222 -15.3562 0
142.467 -24.5933 -17.6782 1
159.698 5.83024 -28.5469 1
163.654 -55.5661 44.4972 0
161.367 -58.2584 48.9855 0
147.346 -19.059 -10.557 1
152.454 -20.4809 -0.520487 1
165.634 -45.0359 50.9454 1
151.346 -21.3243 -13.2688 1
156.49 -16.5934 -6.61388 0
152.874 -39.7193 -14.6471 1
154.308 -29.9095 -2.55385 1
151.564 -29.4149 -12.8087 1
159.723 -32.3881 1.93113 0
171.755 38.0304 59.7137 0
158.194 -37.5686 -12.6441 1
163.057 -40.8261 58.4672 1
163.863 -53.7651 12.5686 0
156.07 -23.1751 -15.2465 1
159.178 -18.6921 40.752 0
166.151 -47.2293 20.395 0
160.628 -14.135 45.2884 0
157.067 -40.3701 -20.4862 0
158.801 -15.7833 7.63317 1
161.643 -26.211 5.24624 0
163.065 -45.7693 -23.0585 1
152.464 -18.4432 -23.4244 0
158.997 -31.439 -16.9227 0
163.78 -47.3191 -5.72549 1
162.241 42.0637 -17.2 1
152.717 -28.4442 -31.53 1
156.807 -36.7329 -26.4295 0
157.833 31.8144 24.8812 0
164.883 -43.9702 -35.3411 1
162.111 -19.0034 2.89299 0
168.375 -52.4159 -25.3245 1
156.56 -29.3953 -27.4745 1
162.625 27.1869 -20.2884 1
161.729 -10.4163 20.5716 1
169.211 -58.7414 -53.0556 1
172.878 44.936 -51.6562 1
170.546 -59.3499 -41.5713 1
159.09 -20.4565 -18.8235 1
165.863 45.5531 -15.0577 1
159.75 45.3394 -8.09727 0
163.578 -34.9248 -37.5684 1
153.818 -24.0649 -44.034 1
153.341 -18.8703 -33.3921 0
152.602 33.0446 -13.2727 0
163.133 -28.518 -10.7545 1
170.664 -52.4724 -43.1153 1
162.317 -26.4934 -27.9144 1
163.515 -33.5892 -44.9609 1
159.927 -30.3549 -51.605 1
157.831 -11.1505 -50.0618 1
172.017 -49.4344 -32.019 1
153.064 35.5451 -7.79781 0
156.17 33.6273 -2.41962 1
154.44 -18.251 -40.0086 0
160.586 -28.9602 58.1605 1
171.566 -51.2277 -52.3784 1
158.283 -23.0714 -56.3851 0
159.207 28.967 -12.8421 0
160.943 12.3851 -17.294 1
160.671 -0.159404 -40.2833 1
163.967 5.2058 -27.6687 1
166.425 -33.4727 -24.9023 1
167.437 -37.0203 -14.088 1
154.781 27.5891 3.53046 1
158.961 -11.5649 58.5558 1
168.683 -42.3796 -6.67533 1
162.917 -12.5063 54.5939 1
161.268 -1.57844 51.0349 1
173.174 -41.5748 -36.9102 1
158.164 -7.9719 -28.0511 1
171.543 -41.4769 -17.7585 1
165.539 -1.05234 -38.9005 1
155.852 -11.3131 -33.2702 0
173.602 -35.6016 -21.8675 1
170.464 -28.482 -24.6253 0
161.122 -15.8431 -26.565 1
172.689 -54.3154 -18.2151 1
161.232 -1.05204 -21.5947 0
163.451 -7.3903 -51.4864 1
169.192 57.3066 -21.6193 0
162.973 -20.5235 -32.2883 0
163.445 -20.4598 57.1729 0
163.038 13.2342 51.4487 0
162.376 -19.8305 -46.8693 1
162.138 9.18266 -45.3973 0
161.959 37.5556 -4.61382 1
164.541 -0.886301 -58.4261 1
171.522 47.4814 -24.5241 1
174.055 51.2033 -18.9903 1
166.236 13.0093 -42.6001 1
166.796 -24.162 -49.6809 1
162.918 34.2579 34.6967 1
164.878 6.88568 -59.3007 1
158.576 19.8997 28.354 1
163.985 48.0489 28.8552 1
166.354 -26.6604 56.6781 1
170.938 -36.0978 -44.7313 1
163.386 11.4542 38.6046 1
169.558 -23.9077 -39.7644 1
163.706 33.2989 -9.44641 0
164.923 48.2588 -2.70396 0
170.248 -37.3255 55.1481 1
160.651 -8.79939 -15.0353 1
168.469 -24.0075 -56.8867 0
173.157 -47.4765 -57.6729 1
165.324 -26.0578 46.6822 0
169.292 13.7147 57.3305 1
170.149 -32.7541 44.3547 0
160.204 -4.24085 -6.75049 1
172.152 -37.8809 37.1266 1
165.813 -13.3423 -17.0536 1
164.844 6.07776 48.9298 0
172.645 -40.7847 -53.058 0
167.877 1.15642 -27.7588 1
159.564 31.9465 16.3893 1
162.356 35.3682 3.4349 1
163.046 41.3831 22.4803 0
165.573 40.132 5.5218 1
161.935 28.2382 11.1591 1
165.474 -19.3842 -4.39473 1
169.278 0.172497 -46.1346 1
168.765 -10.7802 -42.4133 1
169.998 -36.0114 -4.26754 1
160.841 23.1343 8.10924 1
161.436 23.7921 -1.11491 1
164.449 23.1911 -12.2133 1
169.82 -11.2403 -35.9041 1
167.306 36.7395 35.598 1
158.146 0.359303 -0.769049 1
171.059 -21.3163 -28.4287 1
162.427 9.8682 -12.997 1
167.031 41.5849 11.684 1
168.792 46.1938 41.5931 1
169.175 19.7867 -39.6739 1
170.022 18.7559 -31.5539 1
170.242 29.9912 -24.4635 1
155.149 10.2644 -2.82545 1
167.165 -25.0126 10.4849 0
154.595 12.2728 2.17086 1
173.35 -15.1229 -40.8724 0
166.518 9.98244 -10.5372 1
165.818 -16.725 8.51182 1
160.902 -5.98235 10.9839 1
164.077 2.17421 43.5876 0
171.504 -11.0721 -48.7853 0
162.233 14.3964 1.84013 1
170.613 4.29132 -20.8838 1
155.67 6.69801 17.3534 1
170.52 26.2458 -15.5126 1
156.645 11.227 12.8229 1
170.961 -5.09313 -53.0003 0
169.814 -19.9268 -3.28584 1
173.406 18.9786 -25.3139 1
173.961 -1.69342 -33.4656 1
156.768 18.1994 17.4114 0
165.008 20.2679 11.6269 1
162.315 7.01181 15.0916 1
168.763 -10.8641 -22.1372 0
164.981 -3.5041 8.7285 1
171.758 17.9502 -10.5525 1
174.241 -17.8587 -26.199 1
174.744 7.33716 -18.3573 1
171.867 7.53497 -52.5866 1
168.721 -10.874 10.8734 0
172.214 16.2437 -53.0498 1
171.822 -31.9276 -1.20605 1
166.845 11.5712 3.08201 1
169.468 -28.5187 3.97954 0
166.519 -35.4614 6.99775 0
174.504 22.3744 -38.0686 1
174.25 22.0903 -56.7544 1
171.703 -27.8236 -11.3802 0
160.806 17.4972 36.1635 0
166.537 29.3877 24.0025 1
168.524 -1.22425 0.015972 1
165.319 22.6141 30.976 0
167.945 -0.763456 -11.4199 0
172.193 -6.37187 -4.90456 1
174 -16.8002 1.96956 1
171.616 10.9423 1.52511 1
158.631 4.13861 33.3148 0
174.714 35.5596 -51.0796 0
168.76 22.2578 18.9674 1
169.558 -9.43758 16.3502 1
167.852 10.5569 16.8685 1
170.267 -21.9634 21.08 1
170.134 0.14185 18.4739 1
173.422 -30.2355 25.1117 1
172.023 35.5506 34.2899 1
172.102 50.1342 52.8466 1
170.208 -15.9139 -55.0678 0
175.12 -4.92465 -15.534 1
167.028 5.20964 26.6288 1
174.83 -19.1032 -11.6892 1
169.198 55.0929 35.468 1
168.06 -1.48477 28.9427 1
173.907 28.9137 52.5418 1
168.621 56.628 50.7949 0
165.873 -15.5152 34.1368 1
171.254 -13.7001 27.9966 1
174.202 -6.28932 24.4525 0
170.64 -15.7121 36.1236 1
172.681 -18.6204 39.9997 1
175.728 6.30067 -1.51827 1
175.612 -12.1386 9.11696 0
170.443 -51.5491 43.593 1
167.156 -6.36921 48.3309 1
171.991 -25.4513 45.8475 0
171.49 31.6598 4.73072 1
173.75 -31.2476 49.7258 1
170.998 -18.7557 53.1389 1
171.72 -55.2884 36.9158 1
173.544 59.6905 46.6764 1
172.056 39.336 -7.94255 1
170.863 -11.1517 54.4342 0
175.18 46.6761 -9.57658 1
172.763 55.5056 -12.1627 0
168.438 1.40085 37.4362 1
174.484 -52.6167 50.8623 1
174.056 -1.51682 57.8746 1
165.832 57.628 -4.76034 0
174.957 49.4917 42.5936 1
171.396 -1.80239 43.0487 1
171.19 -58.53 27.3501 1
175.079 -45.8921 33.2347 1
169.589 -52.6705 20.0113 0
174.18 -51.3233 25.5823 0
170.284 12.5151 27.5016 0
170.042 52.7194 19.7983 1
168.815 20.0686 25.4601 0
171.312 45.4504 9.31982 1
171.47 11.8247 36.5976 1
171.134 53.1742 8.77676 1
170.943 59.2941 9.36788 1
169.085 57.1332 1.6155 0
172.387 40.4135 17.8399 1
174.835 47.7943 23.8785 1
168.786 18.0847 42.4177 0
174.181 52.145 -3.36542 1
175.156 18.7765 40.193 1
174.558 20.7323 28.774 1
172.921 -57.3475 5.75773 1
166.54 -47.9859 10.4211 0
170.819 -41.7478 13.5874 1
173.862 -42.0349 5.17018 1
173.237 -52.0966 14.3921 0
174.999 -51.7151 -6.86619 0
172.567 -33.6578 -57.1909 0
53.8163 -60.0875 -23.4562 1
57.2544 -61.9286 -20.8722 1
60.1745 -60.4951 8.14086 1
61.5315 -60.97 36.8654 1
69.6058 -61.5743 -56.1323 1
67.0992 -60.0863 17.8099 1
69.9205 -60.5462 29.6757 1
76.6407 -60.9114 -17.0138 1
85.2227 -60.2891 58.9104 1
77.3929 -60.0385 31.3846 0
92.1306 -60.5577 41.6115 1
87.1326 -62.012 -1.47562 1
86.079 -61.4772 -38.3319 1
93.1213 -60.0516 -42.8671 1
91.6935 -61.7385 27.0954 0
103.39 -60.0839 -59.6888 1
104.626 -61.7165 45.1725 0
103.34 -61.9903 27.1943 1
112.119 -60.5035 24.5485 1
129.102 -61.9281 15.7261 0
137.454 -62.0691 -7.65598 1
140.52 -60.8083 -42.3643 1
139.606 -61.8274 59.501 1
150.083 -60.3342 -3.52222 0
146.283 -60.659 44.3302 1
149.176 -60.8951 -49.6537 1
156.103 -60.0452 25.682 0
157.247 -62.0348 -36.2686 1
160.751 -60.8145 8.07025 0
161.611 -61.4694 -55.2149 1
161.395 -61.0494 -35.1961 1
173.544 -60.3095 46.6764 1
170.943 -60.7059 9.36788 1
52.7855 60.6448 -55.0304 1
53.0219 61.1256 -29.8793 1
61.3246 60.6385 -44.546 1
64.0833 62.1289 -32.2778 1
69.0482 60.1627 -32.8502 1
65.307 60.2786 41.7161 1
67.2583 61.9746 34.2777 1
80.0626 61.4231 -26.1623 1
80.76 62.1175 -56.6571 1
83.2591 61.1474 -45.0341 1
75.8044 61.7291 23.633 1
84.0596 61.1741 32.8237 1
88.5863 61.57 32.3017 1
89.4416 61.7586 12.7333 0
94.2528 60.166 -35.8732 1
99.8755 61.8536 -53.2357 1
94.5186 61.1229 6.3844 1
100.076 61.4589 18.6563 0
99.7381 61.4965 -23.1467 1
111.915 60.2612 -36.7305 1
112.916 60.9684 -18.1853 1
107.383 61.894 37.2903 1
117.223 61.4167 26.1459 1
123.129 60.9682 3.20352 1
125.823 62.0031 -4.47668 0
120.819 60.0855 39.88 0
125.316 61.7681 30.1582 1
118.601 61.8705 57.6836 0
133.662 60.8331 6.71916 1
150.944 61.4404 -29.4074 1
149.045 62.0522 59.3825 1
153.905 60.829 -41.4331 1
161.367 61.7416 48.9855 0
169.211 61.2586 -53.0556 1
170.546 60.6501 -41.5713 1
171.19 61.47 27.3501 1
54.369 -40.5512 -61.209 1
65.3623 -5.40967 -60.2291 1
64.4179 48.0032 -60.5135 1
64.6862 37.5896 -61.2267 1
65.8856 23.4571 -60.8526 1
76.7982 -54.4542 -60.6436 1
82.9754 6.6208 -61.8777 1
85.2227 59.7109 -61.0896 1
85.7122 26.0158 -61.368 1
90.1848 47.5111 -60.331 1
90.4372 -1.70104 -60.3555 0
85.627 -18.1428 -62.0842 1
91.7194 -24.0999 -60.5146 0
103.521 -34.0028 -60.4231 1
101.374 8.34368 -61.7176 1
107.042 54.1959 -61.3019 1
103.02 41.6356 -60.5391 0
114.962 -25.8909 -61.4404 1
124.588 -16.0757 -60.8162 1
121.259 11.8158 -60.3907 0
121.45 19.7927 -60.721 1
127.355 -36.5117 -60.7926 1
131.768 -9.11149 -60.229 1
123.663 42.86 -60.2061 0
132.03 -49.0388 -62.1206 0
137.487 -17.61 -61.2431 0
140.427 -0.944326 -60.4611 1
143.413 11.8623 -61.5359 1
148.201 6.32399 -60.4067 1
139.606 58.1726 -60.499 1
142.296 26.7782 -60.1976 0
145.131 20.4465 -61.4619 0
147.981 31.4083 -60.3489 1
149.045 -57.9478 -60.6175 1
152.66 -39.852 -60.0027 0
159.124 51.8435 -61.7259 1
166.462 45.9586 -60.7409 1
171.755 38.0304 -60.2863 0
163.057 -40.8261 -61.5328 1
160.586 -28.9602 -61.8395 1
158.961 -11.5649 -61.4442 1
174.056 -1.51682 -62.1254 1
85.2227 -60.2891 -61.0896 1
139.606 -61.8274 -60.499 1
149.045 62.0522 -60.6175 1
67.6542 -36.317 62.0716 1
69.8911 -44.894 61.7777 0
72.2414 -35.7325 61.3896 1
76.2911 42.6227 60.5965 1
72.1304 0.389964 62.1222 1
77.5917 -37.0185 62.0902 1
78.0437 21.2306 60.3104 1
80.4102 13.7399 60.5348 1
80.4976 42.9487 60.5316 1
90.2037 22.4372 60.6042 1
103.39 59.9161 60.3112 1
102.124 -49.774 62.1551 0
104.711 27.416 60.4295 1
105.211 7.89677 60.1849 1
104.567 -6.3629 60.0642 1
110.766 -12.002 60.4132 1
108.35 -35.0803 60.8043 1
110.058 -27.5757 60.5978 1
115.615 -12.76 60.7467 1
123.369 1.06908 61.5976 1
128.081 13.106 60.4316 1
123.029 34.929 62.0363 1
132.528 -31.0598 61.6255 1
130.054 26.5917 62.0072 1
137.265 9.16661 60.8814 1
128.521 50.9463 60.3749 1
133.682 51.3373 60.6231 1
137.396 -25.9382 60.7916 1
139.427 -35.9564 61.8461 1
143.821 -50.2722 61.3434 1
147.278 -37.6951 61.7842 1
146.873 -19.4786 60.7556 1
152.893 57.6569 60.8167 1
152.18 -5.31674 61.8928 0
158.343 -48.4134 60.8867 1
161.418 43.6326 60.5773 1
164.541 -0.886301 61.5739 1
164.878 6.88568 60.6993 1
103.39 -60.0839 60.3112 1
